Starting GS2 runs
nphi=151 nperiod=5.5 nlambda=35 nstep=330 dt=0.4 negrid=9 ngauss=3 aky_min=0.3 aky_max=4.0 naky=12 growth_rate=0.138008 sum(gamma/ky)=0.115262 took 132.679051s
nphi=301 nperiod=5.5 nlambda=35 nstep=330 dt=0.4 negrid=9 ngauss=3 aky_min=0.3 aky_max=4.0 naky=12 growth_rate=0.140842 sum(gamma/ky)=0.117781 took 307.400290s
