EXTCUR(1)  =   2.16555185322672E+06
EXTCUR(2)  =   1.73428016099456E+06
EXTCUR(3)  =  -2.16555185322672E+06
EXTCUR(4)  =   1.73428016099456E+06
