EXTCUR(1)  =   2.04910093282008E+06
EXTCUR(2)  =   1.43701984310188E+06
EXTCUR(3)  =  -2.04910093282008E+06
EXTCUR(4)  =   1.43701984310188E+06
