EXTCUR(1)  =   2.15607162726458E+06
EXTCUR(2)  =   1.70499215089498E+06
EXTCUR(3)  =  -2.15607162726458E+06
EXTCUR(4)  =   1.70499215089498E+06
