EXTCUR(1)  =   2.15766451555086E+06
EXTCUR(2)  =   1.72582342389831E+06
EXTCUR(3)  =  -2.15766451555086E+06
EXTCUR(4)  =   1.72582342389831E+06
