EXTCUR(1)  =   2.15766967770696E+06
EXTCUR(2)  =   1.72576342282507E+06
EXTCUR(3)  =  -2.15766967770696E+06
EXTCUR(4)  =   1.72576342282507E+06
