EXTCUR(1)  =   1.88865573244978E+06
EXTCUR(2)  =   2.56146254636999E+06
EXTCUR(3)  =  -1.88865573244978E+06
EXTCUR(4)  =   2.56146254636999E+06
