EXTCUR(1)  =   1.55338720584551E+06
EXTCUR(2)  =   2.93582702857882E+06
EXTCUR(3)  =  -1.55338720584551E+06
EXTCUR(4)  =   2.93582702857882E+06
