EXTCUR(1)  =   1.84785447506904E+06
EXTCUR(2)  =   2.62800404979969E+06
EXTCUR(3)  =  -1.84785447506904E+06
EXTCUR(4)  =   2.62800404979969E+06
