EXTCUR(1)  =   1.84785740548194E+06
EXTCUR(2)  =   2.62800168871328E+06
EXTCUR(3)  =  -1.84785740548194E+06
EXTCUR(4)  =   2.62800168871328E+06
