EXTCUR(1)  =   2.01543868823432E+06
EXTCUR(2)  =   2.44762692822268E+06
EXTCUR(3)  =  -2.01543868823432E+06
EXTCUR(4)  =   2.44762692822268E+06
