EXTCUR(1)  =   1.84788513059754E+06
EXTCUR(2)  =   2.62797654693917E+06
EXTCUR(3)  =  -1.84788513059754E+06
EXTCUR(4)  =   2.62797654693917E+06
