x(0),x(1),x(2),x(3),x(4),x(5),x(6),x(7),x(8),x(9),x(10),x(11),x(12),x(13),x(14),x(15),x(16),x(17),x(18),x(19),x(20),x(21),x(22),x(23),x(24),x(25),x(26),x(27),x(28),x(29),x(30),x(31),x(32),x(33),x(34),x(35),x(36),x(37),x(38),x(39),x(40),x(41),x(42),x(43),x(44),x(45),x(46),x(47),mean_iota,aspect,growth_rate,quasisymmetry_total,mirror_ratio
0.1635736469509085,0.01153464403265224,0.0001660825542716507,0.001177705088726893,0.006117449935928349,0.03695998128952078,0.1658776713857751,-0.1088789497913388,-0.02128857374166514,-0.002300157572693968,-1.629464724791329e-05,0.0006490349497379012,3.445618605450382e-05,0.01582563423506581,0.02546788563643479,0.003589988783905243,0.002023292416997494,-6.881215658169502e-05,0.0001851061354443457,-0.0009499158045035575,0.0006789213877319417,0.0001278256592588691,0.0001216640222421739,-0.000882462342731323,-0.1253658594586452,-0.01143100828466809,-0.0001836705489992535,0.0008768242973159689,0.006917463886154144,0.03357703036173842,0.2153938070783234,0.08004202421496563,0.01941805377930779,0.002043310207615721,9.255771223110816e-05,0.00039526870653762,-0.001331440902105533,0.01561378330710932,8.409380325679782e-05,-0.007162905352448011,-0.001623525685575538,-0.0001146639773380277,0.0002034757712275398,-0.001194121521590374,0.002074912419441758,0.001453779212226518,0.00175193966346861,0.0004283901601890926,0.4190692974994624,6.000114150210405,0.3706404667302156,0.0008216535287044784,0.0
0.1635736469509085,0.01153464403265224,0.0001660825542716507,0.001177705088726893,0.006117449935928349,0.03695998128952078,0.1658776713857751,-0.1088789497913388,-0.02128857374166514,-0.002300157572693968,-1.629464724791329e-05,0.0006490349497379012,3.445618605450382e-05,0.01582563423506581,0.02546788563643479,0.003589988783905243,0.002023292416997494,-6.881215658169502e-05,0.0001851061354443457,-0.0009499158045035575,0.0006789213877319417,0.0001278256592588691,0.0001216640222421739,-0.000882462342731323,-0.1253658594586452,-0.01143100828466809,-0.0001836705489992535,0.0008768242973159689,0.006917463886154144,0.03357703036173842,0.2153938070783234,0.08004202421496563,0.01941805377930779,0.002043310207615721,9.255771223110816e-05,0.00039526870653762,-0.001331440902105533,0.01561378330710932,8.409380325679782e-05,-0.007162905352448011,-0.001623525685575538,-0.0001146639773380277,0.0002034757712275398,-0.001194121521590374,0.002074912419441758,0.001453779212226518,0.00175193966346861,0.0004283901601890926,0.4190692974994624,6.000114150210405,0.3706404667302156,0.0008216535287044784,0.0
0.1635736469509085,0.01153464403265224,0.0001660825542716507,0.001177705088726893,0.006117449935928349,0.03695998128952078,0.1658776713857751,-0.1088789497913388,-0.02128857374166514,-0.002300157572693968,-1.629464724791329e-05,0.0006490349497379012,3.445618605450382e-05,0.01582563423506581,0.02546788563643479,0.003589988783905243,0.002023292416997494,-6.881215658169502e-05,0.0001851061354443457,-0.0009499158045035575,0.0006789213877319417,0.0001278256592588691,0.0001216640222421739,-0.000882462342731323,-0.1253658594586452,-0.01143100828466809,-0.0001836705489992535,0.0008768242973159689,0.006917463886154144,0.03357703036173842,0.2153938070783234,0.08004202421496563,0.01941805377930779,0.002043310207615721,9.255771223110816e-05,0.00039526870653762,-0.001331440902105533,0.01561378330710932,8.409380325679782e-05,-0.007162905352448011,-0.001623525685575538,-0.0001146639773380277,0.0002034757712275398,-0.001194121521590374,0.002074912419441758,0.001453779212226518,0.00175193966346861,0.0004283901601890926,0.4190692974994624,6.000114150210405,0.3706404667302156,0.0008216535287044784,0.0
0.1635736469509085,0.01153464403265224,0.0001660825542716507,0.001177705088726893,0.006117449935928349,0.03695998128952078,0.1658776713857751,-0.1088789497913388,-0.02128857374166514,-0.002300157572693968,-1.629464724791329e-05,0.0006490349497379012,3.445618605450382e-05,0.01582563423506581,0.02546788563643479,0.003589988783905243,0.002023292416997494,-6.881215658169502e-05,0.0001851061354443457,-0.0009499158045035575,0.0006789213877319417,0.0001278256592588691,0.0001216640222421739,-0.000882462342731323,-0.1253658594586452,-0.01143100828466809,-0.0001836705489992535,0.0008768242973159689,0.006917463886154144,0.03357703036173842,0.2153938070783234,0.08004202421496563,0.01941805377930779,0.002043310207615721,9.255771223110816e-05,0.00039526870653762,-0.001331440902105533,0.01561378330710932,8.409380325679782e-05,-0.007162905352448011,-0.001623525685575538,-0.0001146639773380277,0.0002034757712275398,-0.001194121521590374,0.002074912419441758,0.001453779212226518,0.00175193966346861,0.0004283901601890926,0.4190692974994624,6.000114150210405,0.3706404667302156,0.0008216535287044784,0.0
0.1635900043156036,0.01153464403265224,0.0001660825542716507,0.001177705088726893,0.006117449935928349,0.03695998128952078,0.1658776713857751,-0.1088789497913388,-0.02128857374166514,-0.002300157572693968,-1.629464724791329e-05,0.0006490349497379012,3.445618605450382e-05,0.01582563423506581,0.02546788563643479,0.003589988783905243,0.002023292416997494,-6.881215658169502e-05,0.0001851061354443457,-0.0009499158045035575,0.0006789213877319417,0.0001278256592588691,0.0001216640222421739,-0.000882462342731323,-0.1253658594586452,-0.01143100828466809,-0.0001836705489992535,0.0008768242973159689,0.006917463886154144,0.03357703036173842,0.2153938070783234,0.08004202421496563,0.01941805377930779,0.002043310207615721,9.255771223110816e-05,0.00039526870653762,-0.001331440902105533,0.01561378330710932,8.409380325679782e-05,-0.007162905352448011,-0.001623525685575538,-0.0001146639773380277,0.0002034757712275398,-0.001194121521590374,0.002074912419441758,0.001453779212226518,0.00175193966346861,0.0004283901601890926,0.4190717201445814,6.0001146054222625,0.3706313062294942,0.0008218524413506356,0.0
0.1635736469509085,0.011535797497055505,0.0001660825542716507,0.001177705088726893,0.006117449935928349,0.03695998128952078,0.1658776713857751,-0.1088789497913388,-0.02128857374166514,-0.002300157572693968,-1.629464724791329e-05,0.0006490349497379012,3.445618605450382e-05,0.01582563423506581,0.02546788563643479,0.003589988783905243,0.002023292416997494,-6.881215658169502e-05,0.0001851061354443457,-0.0009499158045035575,0.0006789213877319417,0.0001278256592588691,0.0001216640222421739,-0.000882462342731323,-0.1253658594586452,-0.01143100828466809,-0.0001836705489992535,0.0008768242973159689,0.006917463886154144,0.03357703036173842,0.2153938070783234,0.08004202421496563,0.01941805377930779,0.002043310207615721,9.255771223110816e-05,0.00039526870653762,-0.001331440902105533,0.01561378330710932,8.409380325679782e-05,-0.007162905352448011,-0.001623525685575538,-0.0001146639773380277,0.0002034757712275398,-0.001194121521590374,0.002074912419441758,0.001453779212226518,0.00175193966346861,0.0004283901601890926,0.41906927062190397,6.0001141302322,0.37063937309914674,0.0008220400120401302,0.0
0.1635736469509085,0.01153464403265224,0.0001670825542716507,0.001177705088726893,0.006117449935928349,0.03695998128952078,0.1658776713857751,-0.1088789497913388,-0.02128857374166514,-0.002300157572693968,-1.629464724791329e-05,0.0006490349497379012,3.445618605450382e-05,0.01582563423506581,0.02546788563643479,0.003589988783905243,0.002023292416997494,-6.881215658169502e-05,0.0001851061354443457,-0.0009499158045035575,0.0006789213877319417,0.0001278256592588691,0.0001216640222421739,-0.000882462342731323,-0.1253658594586452,-0.01143100828466809,-0.0001836705489992535,0.0008768242973159689,0.006917463886154144,0.03357703036173842,0.2153938070783234,0.08004202421496563,0.01941805377930779,0.002043310207615721,9.255771223110816e-05,0.00039526870653762,-0.001331440902105533,0.01561378330710932,8.409380325679782e-05,-0.007162905352448011,-0.001623525685575538,-0.0001146639773380277,0.0002034757712275398,-0.001194121521590374,0.002074912419441758,0.001453779212226518,0.00175193966346861,0.0004283901601890926,0.41906928810388144,6.000114149850394,0.37063404181773196,0.0008204638238197878,0.0
0.1635736469509085,0.01153464403265224,0.0001660825542716507,0.001178705088726893,0.006117449935928349,0.03695998128952078,0.1658776713857751,-0.1088789497913388,-0.02128857374166514,-0.002300157572693968,-1.629464724791329e-05,0.0006490349497379012,3.445618605450382e-05,0.01582563423506581,0.02546788563643479,0.003589988783905243,0.002023292416997494,-6.881215658169502e-05,0.0001851061354443457,-0.0009499158045035575,0.0006789213877319417,0.0001278256592588691,0.0001216640222421739,-0.000882462342731323,-0.1253658594586452,-0.01143100828466809,-0.0001836705489992535,0.0008768242973159689,0.006917463886154144,0.03357703036173842,0.2153938070783234,0.08004202421496563,0.01941805377930779,0.002043310207615721,9.255771223110816e-05,0.00039526870653762,-0.001331440902105533,0.01561378330710932,8.409380325679782e-05,-0.007162905352448011,-0.001623525685575538,-0.0001146639773380277,0.0002034757712275398,-0.001194121521590374,0.002074912419441758,0.001453779212226518,0.00175193966346861,0.0004283901601890926,0.41906928994444614,6.000114221705363,0.37063540398029093,0.0008215283989629433,0.0
0.1635736469509085,0.01153464403265224,0.0001660825542716507,0.001177705088726893,0.006118449935928349,0.03695998128952078,0.1658776713857751,-0.1088789497913388,-0.02128857374166514,-0.002300157572693968,-1.629464724791329e-05,0.0006490349497379012,3.445618605450382e-05,0.01582563423506581,0.02546788563643479,0.003589988783905243,0.002023292416997494,-6.881215658169502e-05,0.0001851061354443457,-0.0009499158045035575,0.0006789213877319417,0.0001278256592588691,0.0001216640222421739,-0.000882462342731323,-0.1253658594586452,-0.01143100828466809,-0.0001836705489992535,0.0008768242973159689,0.006917463886154144,0.03357703036173842,0.2153938070783234,0.08004202421496563,0.01941805377930779,0.002043310207615721,9.255771223110816e-05,0.00039526870653762,-0.001331440902105533,0.01561378330710932,8.409380325679782e-05,-0.007162905352448011,-0.001623525685575538,-0.0001146639773380277,0.0002034757712275398,-0.001194121521590374,0.002074912419441758,0.001453779212226518,0.00175193966346861,0.0004283901601890926,0.41906926635450964,6.000114278147563,0.3706298821040908,0.000822136035728913,0.0
0.1635736469509085,0.01153464403265224,0.0001660825542716507,0.001177705088726893,0.006117449935928349,0.03696367728764973,0.1658776713857751,-0.1088789497913388,-0.02128857374166514,-0.002300157572693968,-1.629464724791329e-05,0.0006490349497379012,3.445618605450382e-05,0.01582563423506581,0.02546788563643479,0.003589988783905243,0.002023292416997494,-6.881215658169502e-05,0.0001851061354443457,-0.0009499158045035575,0.0006789213877319417,0.0001278256592588691,0.0001216640222421739,-0.000882462342731323,-0.1253658594586452,-0.01143100828466809,-0.0001836705489992535,0.0008768242973159689,0.006917463886154144,0.03357703036173842,0.2153938070783234,0.08004202421496563,0.01941805377930779,0.002043310207615721,9.255771223110816e-05,0.00039526870653762,-0.001331440902105533,0.01561378330710932,8.409380325679782e-05,-0.007162905352448011,-0.001623525685575538,-0.0001146639773380277,0.0002034757712275398,-0.001194121521590374,0.002074912419441758,0.001453779212226518,0.00175193966346861,0.0004283901601890926,0.41906870279441827,6.000114475102062,0.37075059690157103,0.0008232069958659134,0.0
0.1635736469509085,0.01153464403265224,0.0001660825542716507,0.001177705088726893,0.006117449935928349,0.03695998128952078,0.1658942591529137,-0.1088789497913388,-0.02128857374166514,-0.002300157572693968,-1.629464724791329e-05,0.0006490349497379012,3.445618605450382e-05,0.01582563423506581,0.02546788563643479,0.003589988783905243,0.002023292416997494,-6.881215658169502e-05,0.0001851061354443457,-0.0009499158045035575,0.0006789213877319417,0.0001278256592588691,0.0001216640222421739,-0.000882462342731323,-0.1253658594586452,-0.01143100828466809,-0.0001836705489992535,0.0008768242973159689,0.006917463886154144,0.03357703036173842,0.2153938070783234,0.08004202421496563,0.01941805377930779,0.002043310207615721,9.255771223110816e-05,0.00039526870653762,-0.001331440902105533,0.01561378330710932,8.409380325679782e-05,-0.007162905352448011,-0.001623525685575538,-0.0001146639773380277,0.0002034757712275398,-0.001194121521590374,0.002074912419441758,0.001453779212226518,0.00175193966346861,0.0004283901601890926,0.4190564984573358,5.999780668330516,0.36982101398062966,0.0008234738166201781,0.0
0.1635736469509085,0.01153464403265224,0.0001660825542716507,0.001177705088726893,0.006117449935928349,0.03695998128952078,0.1658776713857751,-0.10886806189635967,-0.02128857374166514,-0.002300157572693968,-1.629464724791329e-05,0.0006490349497379012,3.445618605450382e-05,0.01582563423506581,0.02546788563643479,0.003589988783905243,0.002023292416997494,-6.881215658169502e-05,0.0001851061354443457,-0.0009499158045035575,0.0006789213877319417,0.0001278256592588691,0.0001216640222421739,-0.000882462342731323,-0.1253658594586452,-0.01143100828466809,-0.0001836705489992535,0.0008768242973159689,0.006917463886154144,0.03357703036173842,0.2153938070783234,0.08004202421496563,0.01941805377930779,0.002043310207615721,9.255771223110816e-05,0.00039526870653762,-0.001331440902105533,0.01561378330710932,8.409380325679782e-05,-0.007162905352448011,-0.001623525685575538,-0.0001146639773380277,0.0002034757712275398,-0.001194121521590374,0.002074912419441758,0.001453779212226518,0.00175193966346861,0.0004283901601890926,0.4190363259336328,6.000075059850679,0.37004614339314423,0.0008232433659551447,0.0
0.1635736469509085,0.01153464403265224,0.0001660825542716507,0.001177705088726893,0.006117449935928349,0.03695998128952078,0.1658776713857751,-0.1088789497913388,-0.021286444884290975,-0.002300157572693968,-1.629464724791329e-05,0.0006490349497379012,3.445618605450382e-05,0.01582563423506581,0.02546788563643479,0.003589988783905243,0.002023292416997494,-6.881215658169502e-05,0.0001851061354443457,-0.0009499158045035575,0.0006789213877319417,0.0001278256592588691,0.0001216640222421739,-0.000882462342731323,-0.1253658594586452,-0.01143100828466809,-0.0001836705489992535,0.0008768242973159689,0.006917463886154144,0.03357703036173842,0.2153938070783234,0.08004202421496563,0.01941805377930779,0.002043310207615721,9.255771223110816e-05,0.00039526870653762,-0.001331440902105533,0.01561378330710932,8.409380325679782e-05,-0.007162905352448011,-0.001623525685575538,-0.0001146639773380277,0.0002034757712275398,-0.001194121521590374,0.002074912419441758,0.001453779212226518,0.00175193966346861,0.0004283901601890926,0.41906910514466,6.000113283508795,0.3706459655938025,0.0008231300641047734,0.0
0.1635736469509085,0.01153464403265224,0.0001660825542716507,0.001177705088726893,0.006117449935928349,0.03695998128952078,0.1658776713857751,-0.1088789497913388,-0.02128857374166514,-0.002299157572693968,-1.629464724791329e-05,0.0006490349497379012,3.445618605450382e-05,0.01582563423506581,0.02546788563643479,0.003589988783905243,0.002023292416997494,-6.881215658169502e-05,0.0001851061354443457,-0.0009499158045035575,0.0006789213877319417,0.0001278256592588691,0.0001216640222421739,-0.000882462342731323,-0.1253658594586452,-0.01143100828466809,-0.0001836705489992535,0.0008768242973159689,0.006917463886154144,0.03357703036173842,0.2153938070783234,0.08004202421496563,0.01941805377930779,0.002043310207615721,9.255771223110816e-05,0.00039526870653762,-0.001331440902105533,0.01561378330710932,8.409380325679782e-05,-0.007162905352448011,-0.001623525685575538,-0.0001146639773380277,0.0002034757712275398,-0.001194121521590374,0.002074912419441758,0.001453779212226518,0.00175193966346861,0.0004283901601890926,0.41906929319772873,6.000114332990602,0.3706277533612475,0.0008230385059670705,0.0
0.1635736469509085,0.01153464403265224,0.0001660825542716507,0.001177705088726893,0.006117449935928349,0.03695998128952078,0.1658776713857751,-0.1088789497913388,-0.02128857374166514,-0.002300157572693968,-1.629464724791329e-05,0.0006500349497379012,3.445618605450382e-05,0.01582563423506581,0.02546788563643479,0.003589988783905243,0.002023292416997494,-6.881215658169502e-05,0.0001851061354443457,-0.0009499158045035575,0.0006789213877319417,0.0001278256592588691,0.0001216640222421739,-0.000882462342731323,-0.1253658594586452,-0.01143100828466809,-0.0001836705489992535,0.0008768242973159689,0.006917463886154144,0.03357703036173842,0.2153938070783234,0.08004202421496563,0.01941805377930779,0.002043310207615721,9.255771223110816e-05,0.00039526870653762,-0.001331440902105533,0.01561378330710932,8.409380325679782e-05,-0.007162905352448011,-0.001623525685575538,-0.0001146639773380277,0.0002034757712275398,-0.001194121521590374,0.002074912419441758,0.001453779212226518,0.00175193966346861,0.0004283901601890926,0.4190693096527403,6.0001144812458955,0.37063567487136867,0.0008224738773237267,0.0
0.1635736469509085,0.01153464403265224,0.0001660825542716507,0.001177705088726893,0.006117449935928349,0.03695998128952078,0.1658776713857751,-0.1088789497913388,-0.02128857374166514,-0.002300157572693968,-1.529464724791329e-05,0.0006490349497379012,3.445618605450382e-05,0.01582563423506581,0.02546788563643479,0.003589988783905243,0.002023292416997494,-6.881215658169502e-05,0.0001851061354443457,-0.0009499158045035575,0.0006789213877319417,0.0001278256592588691,0.0001216640222421739,-0.000882462342731323,-0.1253658594586452,-0.01143100828466809,-0.0001836705489992535,0.0008768242973159689,0.006917463886154144,0.03357703036173842,0.2153938070783234,0.08004202421496563,0.01941805377930779,0.002043310207615721,9.255771223110816e-05,0.00039526870653762,-0.001331440902105533,0.01561378330710932,8.409380325679782e-05,-0.007162905352448011,-0.001623525685575538,-0.0001146639773380277,0.0002034757712275398,-0.001194121521590374,0.002074912419441758,0.001453779212226518,0.00175193966346861,0.0004283901601890926,0.4190693147607387,6.000114223060587,0.37063284846959765,0.000820578764918815,0.0
0.1635736469509085,0.01153464403265224,0.0001660825542716507,0.001177705088726893,0.006117449935928349,0.03695998128952078,0.1658776713857751,-0.1088789497913388,-0.02128857374166514,-0.002300157572693968,-1.629464724791329e-05,0.0006490349497379012,3.5456186054503815e-05,0.01582563423506581,0.02546788563643479,0.003589988783905243,0.002023292416997494,-6.881215658169502e-05,0.0001851061354443457,-0.0009499158045035575,0.0006789213877319417,0.0001278256592588691,0.0001216640222421739,-0.000882462342731323,-0.1253658594586452,-0.01143100828466809,-0.0001836705489992535,0.0008768242973159689,0.006917463886154144,0.03357703036173842,0.2153938070783234,0.08004202421496563,0.01941805377930779,0.002043310207615721,9.255771223110816e-05,0.00039526870653762,-0.001331440902105533,0.01561378330710932,8.409380325679782e-05,-0.007162905352448011,-0.001623525685575538,-0.0001146639773380277,0.0002034757712275398,-0.001194121521590374,0.002074912419441758,0.001453779212226518,0.00175193966346861,0.0004283901601890926,0.41906937355249146,6.000116221665307,0.37064642842647705,0.0008217432976409301,0.0
0.1635736469509085,0.01153464403265224,0.0001660825542716507,0.001177705088726893,0.006117449935928349,0.03695998128952078,0.1658776713857751,-0.1088789497913388,-0.02128857374166514,-0.002300157572693968,-1.629464724791329e-05,0.0006490349497379012,3.445618605450382e-05,0.015827216798489314,0.02546788563643479,0.003589988783905243,0.002023292416997494,-6.881215658169502e-05,0.0001851061354443457,-0.0009499158045035575,0.0006789213877319417,0.0001278256592588691,0.0001216640222421739,-0.000882462342731323,-0.1253658594586452,-0.01143100828466809,-0.0001836705489992535,0.0008768242973159689,0.006917463886154144,0.03357703036173842,0.2153938070783234,0.08004202421496563,0.01941805377930779,0.002043310207615721,9.255771223110816e-05,0.00039526870653762,-0.001331440902105533,0.01561378330710932,8.409380325679782e-05,-0.007162905352448011,-0.001623525685575538,-0.0001146639773380277,0.0002034757712275398,-0.001194121521590374,0.002074912419441758,0.001453779212226518,0.00175193966346861,0.0004283901601890926,0.4190697852726882,6.0001146023101075,0.37063990329041097,0.0008216463648434215,0.0
0.1635736469509085,0.01153464403265224,0.0001660825542716507,0.001177705088726893,0.006117449935928349,0.03695998128952078,0.1658776713857751,-0.1088789497913388,-0.02128857374166514,-0.002300157572693968,-1.629464724791329e-05,0.0006490349497379012,3.445618605450382e-05,0.01582563423506581,0.025470432424998433,0.003589988783905243,0.002023292416997494,-6.881215658169502e-05,0.0001851061354443457,-0.0009499158045035575,0.0006789213877319417,0.0001278256592588691,0.0001216640222421739,-0.000882462342731323,-0.1253658594586452,-0.01143100828466809,-0.0001836705489992535,0.0008768242973159689,0.006917463886154144,0.03357703036173842,0.2153938070783234,0.08004202421496563,0.01941805377930779,0.002043310207615721,9.255771223110816e-05,0.00039526870653762,-0.001331440902105533,0.01561378330710932,8.409380325679782e-05,-0.007162905352448011,-0.001623525685575538,-0.0001146639773380277,0.0002034757712275398,-0.001194121521590374,0.002074912419441758,0.001453779212226518,0.00175193966346861,0.0004283901601890926,0.41907173182346674,6.000112205328446,0.37064328014748216,0.0008215188109430227,0.0
0.1635736469509085,0.01153464403265224,0.0001660825542716507,0.001177705088726893,0.006117449935928349,0.03695998128952078,0.1658776713857751,-0.1088789497913388,-0.02128857374166514,-0.002300157572693968,-1.629464724791329e-05,0.0006490349497379012,3.445618605450382e-05,0.01582563423506581,0.02546788563643479,0.003590988783905243,0.002023292416997494,-6.881215658169502e-05,0.0001851061354443457,-0.0009499158045035575,0.0006789213877319417,0.0001278256592588691,0.0001216640222421739,-0.000882462342731323,-0.1253658594586452,-0.01143100828466809,-0.0001836705489992535,0.0008768242973159689,0.006917463886154144,0.03357703036173842,0.2153938070783234,0.08004202421496563,0.01941805377930779,0.002043310207615721,9.255771223110816e-05,0.00039526870653762,-0.001331440902105533,0.01561378330710932,8.409380325679782e-05,-0.007162905352448011,-0.001623525685575538,-0.0001146639773380277,0.0002034757712275398,-0.001194121521590374,0.002074912419441758,0.001453779212226518,0.00175193966346861,0.0004283901601890926,0.41906896051391457,6.00011471823659,0.3706391034475491,0.0008215610116884275,0.0
0.1635736469509085,0.01153464403265224,0.0001660825542716507,0.001177705088726893,0.006117449935928349,0.03695998128952078,0.1658776713857751,-0.1088789497913388,-0.02128857374166514,-0.002300157572693968,-1.629464724791329e-05,0.0006490349497379012,3.445618605450382e-05,0.01582563423506581,0.02546788563643479,0.003589988783905243,0.0020242924169974943,-6.881215658169502e-05,0.0001851061354443457,-0.0009499158045035575,0.0006789213877319417,0.0001278256592588691,0.0001216640222421739,-0.000882462342731323,-0.1253658594586452,-0.01143100828466809,-0.0001836705489992535,0.0008768242973159689,0.006917463886154144,0.03357703036173842,0.2153938070783234,0.08004202421496563,0.01941805377930779,0.002043310207615721,9.255771223110816e-05,0.00039526870653762,-0.001331440902105533,0.01561378330710932,8.409380325679782e-05,-0.007162905352448011,-0.001623525685575538,-0.0001146639773380277,0.0002034757712275398,-0.001194121521590374,0.002074912419441758,0.001453779212226518,0.00175193966346861,0.0004283901601890926,0.41906910469760433,6.000113865978167,0.37063483457394203,0.000821574938827155,0.0
0.1635736469509085,0.01153464403265224,0.0001660825542716507,0.001177705088726893,0.006117449935928349,0.03695998128952078,0.1658776713857751,-0.1088789497913388,-0.02128857374166514,-0.002300157572693968,-1.629464724791329e-05,0.0006490349497379012,3.445618605450382e-05,0.01582563423506581,0.02546788563643479,0.003589988783905243,0.002023292416997494,-6.781215658169502e-05,0.0001851061354443457,-0.0009499158045035575,0.0006789213877319417,0.0001278256592588691,0.0001216640222421739,-0.000882462342731323,-0.1253658594586452,-0.01143100828466809,-0.0001836705489992535,0.0008768242973159689,0.006917463886154144,0.03357703036173842,0.2153938070783234,0.08004202421496563,0.01941805377930779,0.002043310207615721,9.255771223110816e-05,0.00039526870653762,-0.001331440902105533,0.01561378330710932,8.409380325679782e-05,-0.007162905352448011,-0.001623525685575538,-0.0001146639773380277,0.0002034757712275398,-0.001194121521590374,0.002074912419441758,0.001453779212226518,0.00175193966346861,0.0004283901601890926,0.41906929165203627,6.0001142054283205,0.3706418145875319,0.0008215169946813894,0.0
0.1635736469509085,0.01153464403265224,0.0001660825542716507,0.001177705088726893,0.006117449935928349,0.03695998128952078,0.1658776713857751,-0.1088789497913388,-0.02128857374166514,-0.002300157572693968,-1.629464724791329e-05,0.0006490349497379012,3.445618605450382e-05,0.01582563423506581,0.02546788563643479,0.003589988783905243,0.002023292416997494,-6.881215658169502e-05,0.0001861061354443457,-0.0009499158045035575,0.0006789213877319417,0.0001278256592588691,0.0001216640222421739,-0.000882462342731323,-0.1253658594586452,-0.01143100828466809,-0.0001836705489992535,0.0008768242973159689,0.006917463886154144,0.03357703036173842,0.2153938070783234,0.08004202421496563,0.01941805377930779,0.002043310207615721,9.255771223110816e-05,0.00039526870653762,-0.001331440902105533,0.01561378330710932,8.409380325679782e-05,-0.007162905352448011,-0.001623525685575538,-0.0001146639773380277,0.0002034757712275398,-0.001194121521590374,0.002074912419441758,0.001453779212226518,0.00175193966346861,0.0004283901601890926,0.41906928622098005,6.000114074391848,0.3706381981543452,0.0008216468729770624,0.0
0.1635736469509085,0.01153464403265224,0.0001660825542716507,0.001177705088726893,0.006117449935928349,0.03695998128952078,0.1658776713857751,-0.1088789497913388,-0.02128857374166514,-0.002300157572693968,-1.629464724791329e-05,0.0006490349497379012,3.445618605450382e-05,0.01582563423506581,0.02546788563643479,0.003589988783905243,0.002023292416997494,-6.881215658169502e-05,0.0001851061354443457,-0.0009489158045035575,0.0006789213877319417,0.0001278256592588691,0.0001216640222421739,-0.000882462342731323,-0.1253658594586452,-0.01143100828466809,-0.0001836705489992535,0.0008768242973159689,0.006917463886154144,0.03357703036173842,0.2153938070783234,0.08004202421496563,0.01941805377930779,0.002043310207615721,9.255771223110816e-05,0.00039526870653762,-0.001331440902105533,0.01561378330710932,8.409380325679782e-05,-0.007162905352448011,-0.001623525685575538,-0.0001146639773380277,0.0002034757712275398,-0.001194121521590374,0.002074912419441758,0.001453779212226518,0.00175193966346861,0.0004283901601890926,0.41906912454314194,6.0001148035378025,0.3706410998796417,0.0008218327042783042,0.0
0.1635736469509085,0.01153464403265224,0.0001660825542716507,0.001177705088726893,0.006117449935928349,0.03695998128952078,0.1658776713857751,-0.1088789497913388,-0.02128857374166514,-0.002300157572693968,-1.629464724791329e-05,0.0006490349497379012,3.445618605450382e-05,0.01582563423506581,0.02546788563643479,0.003589988783905243,0.002023292416997494,-6.881215658169502e-05,0.0001851061354443457,-0.0009499158045035575,0.0006799213877319417,0.0001278256592588691,0.0001216640222421739,-0.000882462342731323,-0.1253658594586452,-0.01143100828466809,-0.0001836705489992535,0.0008768242973159689,0.006917463886154144,0.03357703036173842,0.2153938070783234,0.08004202421496563,0.01941805377930779,0.002043310207615721,9.255771223110816e-05,0.00039526870653762,-0.001331440902105533,0.01561378330710932,8.409380325679782e-05,-0.007162905352448011,-0.001623525685575538,-0.0001146639773380277,0.0002034757712275398,-0.001194121521590374,0.002074912419441758,0.001453779212226518,0.00175193966346861,0.0004283901601890926,0.4190689787935053,6.000114512921892,0.3706424878258737,0.0008216567142513682,0.0
0.1635736469509085,0.01153464403265224,0.0001660825542716507,0.001177705088726893,0.006117449935928349,0.03695998128952078,0.1658776713857751,-0.1088789497913388,-0.02128857374166514,-0.002300157572693968,-1.629464724791329e-05,0.0006490349497379012,3.445618605450382e-05,0.01582563423506581,0.02546788563643479,0.003589988783905243,0.002023292416997494,-6.881215658169502e-05,0.0001851061354443457,-0.0009499158045035575,0.0006789213877319417,0.0001288256592588691,0.0001216640222421739,-0.000882462342731323,-0.1253658594586452,-0.01143100828466809,-0.0001836705489992535,0.0008768242973159689,0.006917463886154144,0.03357703036173842,0.2153938070783234,0.08004202421496563,0.01941805377930779,0.002043310207615721,9.255771223110816e-05,0.00039526870653762,-0.001331440902105533,0.01561378330710932,8.409380325679782e-05,-0.007162905352448011,-0.001623525685575538,-0.0001146639773380277,0.0002034757712275398,-0.001194121521590374,0.002074912419441758,0.001453779212226518,0.00175193966346861,0.0004283901601890926,0.4190654669852346,6.000114190371717,0.3706529308170142,0.000821667596071762,0.0
0.1635736469509085,0.01153464403265224,0.0001660825542716507,0.001177705088726893,0.006117449935928349,0.03695998128952078,0.1658776713857751,-0.1088789497913388,-0.02128857374166514,-0.002300157572693968,-1.629464724791329e-05,0.0006490349497379012,3.445618605450382e-05,0.01582563423506581,0.02546788563643479,0.003589988783905243,0.002023292416997494,-6.881215658169502e-05,0.0001851061354443457,-0.0009499158045035575,0.0006789213877319417,0.0001278256592588691,0.0001226640222421739,-0.000882462342731323,-0.1253658594586452,-0.01143100828466809,-0.0001836705489992535,0.0008768242973159689,0.006917463886154144,0.03357703036173842,0.2153938070783234,0.08004202421496563,0.01941805377930779,0.002043310207615721,9.255771223110816e-05,0.00039526870653762,-0.001331440902105533,0.01561378330710932,8.409380325679782e-05,-0.007162905352448011,-0.001623525685575538,-0.0001146639773380277,0.0002034757712275398,-0.001194121521590374,0.002074912419441758,0.001453779212226518,0.00175193966346861,0.0004283901601890926,0.4190668425446752,6.000113688473871,0.37065483253514675,0.0008216190046555461,0.0
0.1635736469509085,0.01153464403265224,0.0001660825542716507,0.001177705088726893,0.006117449935928349,0.03695998128952078,0.1658776713857751,-0.1088789497913388,-0.02128857374166514,-0.002300157572693968,-1.629464724791329e-05,0.0006490349497379012,3.445618605450382e-05,0.01582563423506581,0.02546788563643479,0.003589988783905243,0.002023292416997494,-6.881215658169502e-05,0.0001851061354443457,-0.0009499158045035575,0.0006789213877319417,0.0001278256592588691,0.0001216640222421739,-0.000881462342731323,-0.1253658594586452,-0.01143100828466809,-0.0001836705489992535,0.0008768242973159689,0.006917463886154144,0.03357703036173842,0.2153938070783234,0.08004202421496563,0.01941805377930779,0.002043310207615721,9.255771223110816e-05,0.00039526870653762,-0.001331440902105533,0.01561378330710932,8.409380325679782e-05,-0.007162905352448011,-0.001623525685575538,-0.0001146639773380277,0.0002034757712275398,-0.001194121521590374,0.002074912419441758,0.001453779212226518,0.00175193966346861,0.0004283901601890926,0.41906900755826454,6.000114337234584,0.3706395631716929,0.0008217150268143484,0.0
0.1635736469509085,0.01153464403265224,0.0001660825542716507,0.001177705088726893,0.006117449935928349,0.03695998128952078,0.1658776713857751,-0.1088789497913388,-0.02128857374166514,-0.002300157572693968,-1.629464724791329e-05,0.0006490349497379012,3.445618605450382e-05,0.01582563423506581,0.02546788563643479,0.003589988783905243,0.002023292416997494,-6.881215658169502e-05,0.0001851061354443457,-0.0009499158045035575,0.0006789213877319417,0.0001278256592588691,0.0001216640222421739,-0.000882462342731323,-0.12535332287269935,-0.01143100828466809,-0.0001836705489992535,0.0008768242973159689,0.006917463886154144,0.03357703036173842,0.2153938070783234,0.08004202421496563,0.01941805377930779,0.002043310207615721,9.255771223110816e-05,0.00039526870653762,-0.001331440902105533,0.01561378330710932,8.409380325679782e-05,-0.007162905352448011,-0.001623525685575538,-0.0001146639773380277,0.0002034757712275398,-0.001194121521590374,0.002074912419441758,0.001453779212226518,0.00175193966346861,0.0004283901601890926,0.4190678170489683,6.000114150210405,0.37063052043671935,0.000821933878142055,0.0
0.1635736469509085,0.01153464403265224,0.0001660825542716507,0.001177705088726893,0.006117449935928349,0.03695998128952078,0.1658776713857751,-0.1088789497913388,-0.02128857374166514,-0.002300157572693968,-1.629464724791329e-05,0.0006490349497379012,3.445618605450382e-05,0.01582563423506581,0.02546788563643479,0.003589988783905243,0.002023292416997494,-6.881215658169502e-05,0.0001851061354443457,-0.0009499158045035575,0.0006789213877319417,0.0001278256592588691,0.0001216640222421739,-0.000882462342731323,-0.1253658594586452,-0.011429865183839623,-0.0001836705489992535,0.0008768242973159689,0.006917463886154144,0.03357703036173842,0.2153938070783234,0.08004202421496563,0.01941805377930779,0.002043310207615721,9.255771223110816e-05,0.00039526870653762,-0.001331440902105533,0.01561378330710932,8.409380325679782e-05,-0.007162905352448011,-0.001623525685575538,-0.0001146639773380277,0.0002034757712275398,-0.001194121521590374,0.002074912419441758,0.001453779212226518,0.00175193966346861,0.0004283901601890926,0.4190693408845814,6.000114150210405,0.3706425759050184,0.0008218549153105237,0.0
0.1635736469509085,0.01153464403265224,0.0001660825542716507,0.001177705088726893,0.006117449935928349,0.03695998128952078,0.1658776713857751,-0.1088789497913388,-0.02128857374166514,-0.002300157572693968,-1.629464724791329e-05,0.0006490349497379012,3.445618605450382e-05,0.01582563423506581,0.02546788563643479,0.003589988783905243,0.002023292416997494,-6.881215658169502e-05,0.0001851061354443457,-0.0009499158045035575,0.0006789213877319417,0.0001278256592588691,0.0001216640222421739,-0.000882462342731323,-0.1253658594586452,-0.01143100828466809,-0.0001836705489992535,0.000877824297315969,0.006917463886154144,0.03357703036173842,0.2153938070783234,0.08004202421496563,0.01941805377930779,0.002043310207615721,9.255771223110816e-05,0.00039526870653762,-0.001331440902105533,0.01561378330710932,8.409380325679782e-05,-0.007162905352448011,-0.001623525685575538,-0.0001146639773380277,0.0002034757712275398,-0.001194121521590374,0.002074912419441758,0.001453779212226518,0.00175193966346861,0.0004283901601890926,0.4190692888895711,6.0001141641511335,0.3706220601039593,0.0008267359702506073,0.0
0.1635736469509085,0.01153464403265224,0.0001660825542716507,0.001177705088726893,0.006117449935928349,0.03695998128952078,0.1658776713857751,-0.1088789497913388,-0.02128857374166514,-0.002300157572693968,-1.629464724791329e-05,0.0006490349497379012,3.445618605450382e-05,0.01582563423506581,0.02546788563643479,0.003589988783905243,0.002023292416997494,-6.881215658169502e-05,0.0001851061354443457,-0.0009499158045035575,0.0006789213877319417,0.0001278256592588691,0.0001216640222421739,-0.000882462342731323,-0.1253658594586452,-0.01143100828466809,-0.0001826705489992535,0.0008768242973159689,0.006917463886154144,0.03357703036173842,0.2153938070783234,0.08004202421496563,0.01941805377930779,0.002043310207615721,9.255771223110816e-05,0.00039526870653762,-0.001331440902105533,0.01561378330710932,8.409380325679782e-05,-0.007162905352448011,-0.001623525685575538,-0.0001146639773380277,0.0002034757712275398,-0.001194121521590374,0.002074912419441758,0.001453779212226518,0.00175193966346861,0.0004283901601890926,0.41906930696893857,6.000114150210405,0.3706403937560969,0.0008211684383551834,0.0
0.1635736469509085,0.01153464403265224,0.0001660825542716507,0.001177705088726893,0.006117449935928349,0.03695998128952078,0.1658776713857751,-0.1088789497913388,-0.02128857374166514,-0.002300157572693968,-1.629464724791329e-05,0.0006490349497379012,3.445618605450382e-05,0.01582563423506581,0.02546788563643479,0.003589988783905243,0.002023292416997494,-6.881215658169502e-05,0.0001851061354443457,-0.0009499158045035575,0.0006789213877319417,0.0001278256592588691,0.0001216640222421739,-0.000882462342731323,-0.1253658594586452,-0.01143100828466809,-0.0001836705489992535,0.0008768242973159689,0.006917463886154144,0.03358038806477459,0.2153938070783234,0.08004202421496563,0.01941805377930779,0.002043310207615721,9.255771223110816e-05,0.00039526870653762,-0.001331440902105533,0.01561378330710932,8.409380325679782e-05,-0.007162905352448011,-0.001623525685575538,-0.0001146639773380277,0.0002034757712275398,-0.001194121521590374,0.002074912419441758,0.001453779212226518,0.00175193966346861,0.0004283901601890926,0.4190692842161672,6.000109428554419,0.3707494640533927,0.0008202959514203486,0.0
0.1635736469509085,0.01153464403265224,0.0001660825542716507,0.001177705088726893,0.006117449935928349,0.03695998128952078,0.1658776713857751,-0.1088789497913388,-0.02128857374166514,-0.002300157572693968,-1.629464724791329e-05,0.0006490349497379012,3.445618605450382e-05,0.01582563423506581,0.02546788563643479,0.003589988783905243,0.002023292416997494,-6.881215658169502e-05,0.0001851061354443457,-0.0009499158045035575,0.0006789213877319417,0.0001278256592588691,0.0001216640222421739,-0.000882462342731323,-0.1253658594586452,-0.01143100828466809,-0.0001836705489992535,0.0008768242973159689,0.0069184638861541446,0.03357703036173842,0.2153938070783234,0.08004202421496563,0.01941805377930779,0.002043310207615721,9.255771223110816e-05,0.00039526870653762,-0.001331440902105533,0.01561378330710932,8.409380325679782e-05,-0.007162905352448011,-0.001623525685575538,-0.0001146639773380277,0.0002034757712275398,-0.001194121521590374,0.002074912419441758,0.001453779212226518,0.00175193966346861,0.0004283901601890926,0.41906926662149224,6.000114309998233,0.37064365328363774,0.0008214779162077428,0.0
0.1635736469509085,0.01153464403265224,0.0001660825542716507,0.001177705088726893,0.006117449935928349,0.03695998128952078,0.1658776713857751,-0.1088789497913388,-0.02128857374166514,-0.002300157572693968,-1.629464724791329e-05,0.0006490349497379012,3.445618605450382e-05,0.01582563423506581,0.02546788563643479,0.003589988783905243,0.002023292416997494,-6.881215658169502e-05,0.0001851061354443457,-0.0009499158045035575,0.0006789213877319417,0.0001278256592588691,0.0001216640222421739,-0.000882462342731323,-0.1253658594586452,-0.01143100828466809,-0.0001836705489992535,0.0008768242973159689,0.006917463886154144,0.03357703036173842,0.2153938070783234,0.08005002841738713,0.01941805377930779,0.002043310207615721,9.255771223110816e-05,0.00039526870653762,-0.001331440902105533,0.01561378330710932,8.409380325679782e-05,-0.007162905352448011,-0.001623525685575538,-0.0001146639773380277,0.0002034757712275398,-0.001194121521590374,0.002074912419441758,0.001453779212226518,0.00175193966346861,0.0004283901601890926,0.41909055182666116,6.00023211492841,0.37123773681795225,0.0008225642205335683,0.0
0.1635736469509085,0.01153464403265224,0.0001660825542716507,0.001177705088726893,0.006117449935928349,0.03695998128952078,0.1658776713857751,-0.1088789497913388,-0.02128857374166514,-0.002300157572693968,-1.629464724791329e-05,0.0006490349497379012,3.445618605450382e-05,0.01582563423506581,0.02546788563643479,0.003589988783905243,0.002023292416997494,-6.881215658169502e-05,0.0001851061354443457,-0.0009499158045035575,0.0006789213877319417,0.0001278256592588691,0.0001216640222421739,-0.000882462342731323,-0.1253658594586452,-0.01143100828466809,-0.0001836705489992535,0.0008768242973159689,0.006917463886154144,0.03357703036173842,0.21541534645903124,0.08004202421496563,0.01941805377930779,0.002043310207615721,9.255771223110816e-05,0.00039526870653762,-0.001331440902105533,0.01561378330710932,8.409380325679782e-05,-0.007162905352448011,-0.001623525685575538,-0.0001146639773380277,0.0002034757712275398,-0.001194121521590374,0.002074912419441758,0.001453779212226518,0.00175193966346861,0.0004283901601890926,0.4190245313002742,5.99970096433575,0.3704294217811328,0.0008202351150848847,0.0
0.1635736469509085,0.01153464403265224,0.0001660825542716507,0.001177705088726893,0.006117449935928349,0.03695998128952078,0.1658776713857751,-0.1088789497913388,-0.02128857374166514,-0.002300157572693968,-1.629464724791329e-05,0.0006490349497379012,3.445618605450382e-05,0.01582563423506581,0.02546788563643479,0.003589988783905243,0.002023292416997494,-6.881215658169502e-05,0.0001851061354443457,-0.0009499158045035575,0.0006789213877319417,0.0001278256592588691,0.0001216640222421739,-0.000882462342731323,-0.1253658594586452,-0.01143100828466809,-0.0001836705489992535,0.0008768242973159689,0.006917463886154144,0.03357703036173842,0.2153938070783234,0.08004202421496563,0.01941805377930779,0.002044310207615721,9.255771223110816e-05,0.00039526870653762,-0.001331440902105533,0.01561378330710932,8.409380325679782e-05,-0.007162905352448011,-0.001623525685575538,-0.0001146639773380277,0.0002034757712275398,-0.001194121521590374,0.002074912419441758,0.001453779212226518,0.00175193966346861,0.0004283901601890926,0.4190693134679318,6.000113970550333,0.3706369015507033,0.0008222671610581147,0.0
0.1635736469509085,0.01153464403265224,0.0001660825542716507,0.001177705088726893,0.006117449935928349,0.03695998128952078,0.1658776713857751,-0.1088789497913388,-0.02128857374166514,-0.002300157572693968,-1.629464724791329e-05,0.0006490349497379012,3.445618605450382e-05,0.01582563423506581,0.02546788563643479,0.003589988783905243,0.002023292416997494,-6.881215658169502e-05,0.0001851061354443457,-0.0009499158045035575,0.0006789213877319417,0.0001278256592588691,0.0001216640222421739,-0.000882462342731323,-0.1253658594586452,-0.01143100828466809,-0.0001836705489992535,0.0008768242973159689,0.006917463886154144,0.03357703036173842,0.2153938070783234,0.08004202421496563,0.01941999558468572,0.002043310207615721,9.255771223110816e-05,0.00039526870653762,-0.001331440902105533,0.01561378330710932,8.409380325679782e-05,-0.007162905352448011,-0.001623525685575538,-0.0001146639773380277,0.0002034757712275398,-0.001194121521590374,0.002074912419441758,0.001453779212226518,0.00175193966346861,0.0004283901601890926,0.41906975304198923,6.00011558519421,0.37058438838269203,0.0008228629241238348,0.0
0.1635736469509085,0.01153464403265224,0.0001660825542716507,0.001177705088726893,0.006117449935928349,0.03695998128952078,0.1658776713857751,-0.1088789497913388,-0.02128857374166514,-0.002300157572693968,-1.629464724791329e-05,0.0006490349497379012,3.445618605450382e-05,0.01582563423506581,0.02546788563643479,0.003589988783905243,0.002023292416997494,-6.881215658169502e-05,0.0001851061354443457,-0.0009499158045035575,0.0006789213877319417,0.0001278256592588691,0.0001216640222421739,-0.000882462342731323,-0.1253658594586452,-0.01143100828466809,-0.0001836705489992535,0.0008768242973159689,0.006917463886154144,0.03357703036173842,0.2153938070783234,0.08004202421496563,0.01941805377930779,0.002043310207615721,9.255771223110816e-05,0.00039626870653762004,-0.001331440902105533,0.01561378330710932,8.409380325679782e-05,-0.007162905352448011,-0.001623525685575538,-0.0001146639773380277,0.0002034757712275398,-0.001194121521590374,0.002074912419441758,0.001453779212226518,0.00175193966346861,0.0004283901601890926,0.4190692850713756,6.000114403521174,0.3706445876556992,0.0008232321637128902,0.0
0.1635736469509085,0.01153464403265224,0.0001660825542716507,0.001177705088726893,0.006117449935928349,0.03695998128952078,0.1658776713857751,-0.1088789497913388,-0.02128857374166514,-0.002300157572693968,-1.629464724791329e-05,0.0006490349497379012,3.445618605450382e-05,0.01582563423506581,0.02546788563643479,0.003589988783905243,0.002023292416997494,-6.881215658169502e-05,0.0001851061354443457,-0.0009499158045035575,0.0006789213877319417,0.0001278256592588691,0.0001216640222421739,-0.000882462342731323,-0.1253658594586452,-0.01143100828466809,-0.0001836705489992535,0.0008768242973159689,0.006917463886154144,0.03357703036173842,0.2153938070783234,0.08004202421496563,0.01941805377930779,0.002043310207615721,9.355771223110816e-05,0.00039526870653762,-0.001331440902105533,0.01561378330710932,8.409380325679782e-05,-0.007162905352448011,-0.001623525685575538,-0.0001146639773380277,0.0002034757712275398,-0.001194121521590374,0.002074912419441758,0.001453779212226518,0.00175193966346861,0.0004283901601890926,0.419069294223026,6.000114262312008,0.37063224602836653,0.0008205826213425761,0.0
0.1635736469509085,0.01153464403265224,0.0001660825542716507,0.001177705088726893,0.006117449935928349,0.03695998128952078,0.1658776713857751,-0.1088789497913388,-0.02128857374166514,-0.002300157572693968,-1.629464724791329e-05,0.0006490349497379012,3.445618605450382e-05,0.01582563423506581,0.02546788563643479,0.003589988783905243,0.002023292416997494,-6.881215658169502e-05,0.0001851061354443457,-0.0009499158045035575,0.0006789213877319417,0.0001278256592588691,0.0001216640222421739,-0.000882462342731323,-0.1253658594586452,-0.01143100828466809,-0.0001836705489992535,0.0008768242973159689,0.006917463886154144,0.03357703036173842,0.2153938070783234,0.08004202421496563,0.01941805377930779,0.002043310207615721,9.255771223110816e-05,0.00039526870653762,-0.001331440902105533,0.015615344685440031,8.409380325679782e-05,-0.007162905352448011,-0.001623525685575538,-0.0001146639773380277,0.0002034757712275398,-0.001194121521590374,0.002074912419441758,0.001453779212226518,0.00175193966346861,0.0004283901601890926,0.41906951173406426,6.0001133610299435,0.3706490335952041,0.0008216425482448691,0.0
0.1635736469509085,0.01153464403265224,0.0001660825542716507,0.001177705088726893,0.006117449935928349,0.03695998128952078,0.1658776713857751,-0.1088789497913388,-0.02128857374166514,-0.002300157572693968,-1.629464724791329e-05,0.0006490349497379012,3.445618605450382e-05,0.01582563423506581,0.02546788563643479,0.003589988783905243,0.002023292416997494,-6.881215658169502e-05,0.0001851061354443457,-0.0009499158045035575,0.0006789213877319417,0.0001278256592588691,0.0001216640222421739,-0.000882462342731323,-0.1253658594586452,-0.01143100828466809,-0.0001836705489992535,0.0008768242973159689,0.006917463886154144,0.03357703036173842,0.2153938070783234,0.08004202421496563,0.01941805377930779,0.002043310207615721,9.255771223110816e-05,0.00039526870653762,-0.001330440902105533,0.01561378330710932,8.409380325679782e-05,-0.007162905352448011,-0.001623525685575538,-0.0001146639773380277,0.0002034757712275398,-0.001194121521590374,0.002074912419441758,0.001453779212226518,0.00175193966346861,0.0004283901601890926,0.4190694805616941,6.000115862645173,0.3706424449587753,0.0008214204065785205,0.0
0.1635736469509085,0.01153464403265224,0.0001660825542716507,0.001177705088726893,0.006117449935928349,0.03695998128952078,0.1658776713857751,-0.1088789497913388,-0.02128857374166514,-0.002300157572693968,-1.629464724791329e-05,0.0006490349497379012,3.445618605450382e-05,0.01582563423506581,0.02546788563643479,0.003589988783905243,0.002023292416997494,-6.881215658169502e-05,0.0001851061354443457,-0.0009499158045035575,0.0006789213877319417,0.0001278256592588691,0.0001216640222421739,-0.000882462342731323,-0.1253658594586452,-0.01143100828466809,-0.0001836705489992535,0.0008768242973159689,0.006917463886154144,0.03357703036173842,0.2153938070783234,0.08004202421496563,0.01941805377930779,0.002043310207615721,9.255771223110816e-05,0.00039526870653762,-0.001331440902105533,0.01561378330710932,8.409380325679782e-05,-0.0071619053524480105,-0.001623525685575538,-0.0001146639773380277,0.0002034757712275398,-0.001194121521590374,0.002074912419441758,0.001453779212226518,0.00175193966346861,0.0004283901601890926,0.4190688858693021,6.000114867017868,0.3706454952812145,0.0008215821546857109,0.0
0.1635736469509085,0.01153464403265224,0.0001660825542716507,0.001177705088726893,0.006117449935928349,0.03695998128952078,0.1658776713857751,-0.1088789497913388,-0.02128857374166514,-0.002300157572693968,-1.629464724791329e-05,0.0006490349497379012,3.445618605450382e-05,0.01582563423506581,0.02546788563643479,0.003589988783905243,0.002023292416997494,-6.881215658169502e-05,0.0001851061354443457,-0.0009499158045035575,0.0006789213877319417,0.0001278256592588691,0.0001216640222421739,-0.000882462342731323,-0.1253658594586452,-0.01143100828466809,-0.0001836705489992535,0.0008768242973159689,0.006917463886154144,0.03357703036173842,0.2153938070783234,0.08004202421496563,0.01941805377930779,0.002043310207615721,9.255771223110816e-05,0.00039526870653762,-0.001331440902105533,0.01561378330710932,8.509380325679782e-05,-0.007162905352448011,-0.001623525685575538,-0.0001146639773380277,0.0002034757712275398,-0.001194121521590374,0.002074912419441758,0.001453779212226518,0.00175193966346861,0.0004283901601890926,0.41906987632564985,6.000105375461047,0.3706428601096546,0.000821635323663311,0.0
0.1635736469509085,0.01153464403265224,0.0001660825542716507,0.001177705088726893,0.006117449935928349,0.03695998128952078,0.1658776713857751,-0.1088789497913388,-0.02128857374166514,-0.002300157572693968,-1.629464724791329e-05,0.0006490349497379012,3.445618605450382e-05,0.01582563423506581,0.02546788563643479,0.003589988783905243,0.002023292416997494,-6.881215658169502e-05,0.0001851061354443457,-0.0009499158045035575,0.0006789213877319417,0.0001278256592588691,0.0001216640222421739,-0.000882462342731323,-0.1253658594586452,-0.01143100828466809,-0.0001836705489992535,0.0008768242973159689,0.006917463886154144,0.03357703036173842,0.2153938070783234,0.08004202421496563,0.01941805377930779,0.002043310207615721,9.255771223110816e-05,0.00039526870653762,-0.001331440902105533,0.01561378330710932,8.409380325679782e-05,-0.007162905352448011,-0.001623525685575538,-0.0001136639773380277,0.0002034757712275398,-0.001194121521590374,0.002074912419441758,0.001453779212226518,0.00175193966346861,0.0004283901601890926,0.41906930890874217,6.00011419123988,0.3706389937506573,0.0008211239371231643,0.0
0.1635736469509085,0.01153464403265224,0.0001660825542716507,0.001177705088726893,0.006117449935928349,0.03695998128952078,0.1658776713857751,-0.1088789497913388,-0.02128857374166514,-0.002300157572693968,-1.629464724791329e-05,0.0006490349497379012,3.445618605450382e-05,0.01582563423506581,0.02546788563643479,0.003589988783905243,0.002023292416997494,-6.881215658169502e-05,0.0001851061354443457,-0.0009499158045035575,0.0006789213877319417,0.0001278256592588691,0.0001216640222421739,-0.000882462342731323,-0.1253658594586452,-0.01143100828466809,-0.0001836705489992535,0.0008768242973159689,0.006917463886154144,0.03357703036173842,0.2153938070783234,0.08004202421496563,0.01941805377930779,0.002043310207615721,9.255771223110816e-05,0.00039526870653762,-0.001331440902105533,0.01561378330710932,8.409380325679782e-05,-0.007162905352448011,-0.001622525685575538,-0.0001146639773380277,0.0002034757712275398,-0.001194121521590374,0.002074912419441758,0.001453779212226518,0.00175193966346861,0.0004283901601890926,0.4190695126754118,6.000114275268565,0.37063752646892717,0.0008218212232249258,0.0
0.1635736469509085,0.01153464403265224,0.0001660825542716507,0.001177705088726893,0.006117449935928349,0.03695998128952078,0.1658776713857751,-0.1088789497913388,-0.02128857374166514,-0.002300157572693968,-1.629464724791329e-05,0.0006490349497379012,3.445618605450382e-05,0.01582563423506581,0.02546788563643479,0.003589988783905243,0.002023292416997494,-6.881215658169502e-05,0.0001851061354443457,-0.0009499158045035575,0.0006789213877319417,0.0001278256592588691,0.0001216640222421739,-0.000882462342731323,-0.1253658594586452,-0.01143100828466809,-0.0001836705489992535,0.0008768242973159689,0.006917463886154144,0.03357703036173842,0.2153938070783234,0.08004202421496563,0.01941805377930779,0.002043310207615721,9.255771223110816e-05,0.00039526870653762,-0.001331440902105533,0.01561378330710932,8.409380325679782e-05,-0.007162905352448011,-0.001623525685575538,-0.0001146639773380277,0.0002034757712275398,-0.001193121521590374,0.002074912419441758,0.001453779212226518,0.00175193966346861,0.0004283901601890926,0.41906924056776623,6.000114716620246,0.3706425534567835,0.0008220036652162608,0.0
0.1635736469509085,0.01153464403265224,0.0001660825542716507,0.001177705088726893,0.006117449935928349,0.03695998128952078,0.1658776713857751,-0.1088789497913388,-0.02128857374166514,-0.002300157572693968,-1.629464724791329e-05,0.0006490349497379012,3.445618605450382e-05,0.01582563423506581,0.02546788563643479,0.003589988783905243,0.002023292416997494,-6.881215658169502e-05,0.0001851061354443457,-0.0009499158045035575,0.0006789213877319417,0.0001278256592588691,0.0001216640222421739,-0.000882462342731323,-0.1253658594586452,-0.01143100828466809,-0.0001836705489992535,0.0008768242973159689,0.006917463886154144,0.03357703036173842,0.2153938070783234,0.08004202421496563,0.01941805377930779,0.002043310207615721,9.255771223110816e-05,0.00039526870653762,-0.001331440902105533,0.01561378330710932,8.409380325679782e-05,-0.007162905352448011,-0.001623525685575538,-0.0001146639773380277,0.0002044757712275398,-0.001194121521590374,0.002074912419441758,0.001453779212226518,0.00175193966346861,0.0004283901601890926,0.4190692477719247,6.000114115017122,0.3706358006383328,0.0008213084154406736,0.0
0.1635736469509085,0.01153464403265224,0.0001660825542716507,0.001177705088726893,0.006117449935928349,0.03695998128952078,0.1658776713857751,-0.1088789497913388,-0.02128857374166514,-0.002300157572693968,-1.629464724791329e-05,0.0006490349497379012,3.445618605450382e-05,0.01582563423506581,0.02546788563643479,0.003589988783905243,0.002023292416997494,-6.881215658169502e-05,0.0001851061354443457,-0.0009499158045035575,0.0006789213877319417,0.0001278256592588691,0.0001216640222421739,-0.000882462342731323,-0.1253658594586452,-0.01143100828466809,-0.0001836705489992535,0.0008768242973159689,0.006917463886154144,0.03357703036173842,0.2153938070783234,0.08004202421496563,0.01941805377930779,0.002043310207615721,9.255771223110816e-05,0.00039526870653762,-0.001331440902105533,0.01561378330710932,8.409380325679782e-05,-0.007162905352448011,-0.001623525685575538,-0.0001146639773380277,0.0002034757712275398,-0.001194121521590374,0.002074912419441758,0.0014547792122265178,0.00175193966346861,0.0004283901601890926,0.4190658899328271,6.0001149752289775,0.3706492651769341,0.000821668590332079,0.0
0.1635736469509085,0.01153464403265224,0.0001660825542716507,0.001177705088726893,0.006117449935928349,0.03695998128952078,0.1658776713857751,-0.1088789497913388,-0.02128857374166514,-0.002300157572693968,-1.629464724791329e-05,0.0006490349497379012,3.445618605450382e-05,0.01582563423506581,0.02546788563643479,0.003589988783905243,0.002023292416997494,-6.881215658169502e-05,0.0001851061354443457,-0.0009499158045035575,0.0006789213877319417,0.0001278256592588691,0.0001216640222421739,-0.000882462342731323,-0.1253658594586452,-0.01143100828466809,-0.0001836705489992535,0.0008768242973159689,0.006917463886154144,0.03357703036173842,0.2153938070783234,0.08004202421496563,0.01941805377930779,0.002043310207615721,9.255771223110816e-05,0.00039526870653762,-0.001331440902105533,0.01561378330710932,8.409380325679782e-05,-0.007162905352448011,-0.001623525685575538,-0.0001146639773380277,0.0002034757712275398,-0.001194121521590374,0.0020759124194417583,0.001453779212226518,0.00175193966346861,0.0004283901601890926,0.41906867753516863,6.0001150131420316,0.370644238296908,0.000821591689774642,0.0
0.1635736469509085,0.01153464403265224,0.0001660825542716507,0.001177705088726893,0.006117449935928349,0.03695998128952078,0.1658776713857751,-0.1088789497913388,-0.02128857374166514,-0.002300157572693968,-1.629464724791329e-05,0.0006490349497379012,3.445618605450382e-05,0.01582563423506581,0.02546788563643479,0.003589988783905243,0.002023292416997494,-6.881215658169502e-05,0.0001851061354443457,-0.0009499158045035575,0.0006789213877319417,0.0001278256592588691,0.0001216640222421739,-0.000882462342731323,-0.1253658594586452,-0.01143100828466809,-0.0001836705489992535,0.0008768242973159689,0.006917463886154144,0.03357703036173842,0.2153938070783234,0.08004202421496563,0.01941805377930779,0.002043310207615721,9.255771223110816e-05,0.00039526870653762,-0.001331440902105533,0.01561378330710932,8.409380325679782e-05,-0.007162905352448011,-0.001623525685575538,-0.0001146639773380277,0.0002034757712275398,-0.001194121521590374,0.002074912419441758,0.001453779212226518,0.00175193966346861,0.0004293901601890926,0.4190696354335085,6.000114243427205,0.3706359872744373,0.0008216669180761454,0.0
0.1635736469509085,0.01153464403265224,0.0001660825542716507,0.001177705088726893,0.006117449935928349,0.03695998128952078,0.1658776713857751,-0.1088789497913388,-0.02128857374166514,-0.002300157572693968,-1.629464724791329e-05,0.0006490349497379012,3.445618605450382e-05,0.01582563423506581,0.02546788563643479,0.003589988783905243,0.002023292416997494,-6.881215658169502e-05,0.0001851061354443457,-0.0009499158045035575,0.0006789213877319417,0.0001278256592588691,0.0001216640222421739,-0.000882462342731323,-0.1253658594586452,-0.01143100828466809,-0.0001836705489992535,0.0008768242973159689,0.006917463886154144,0.03357703036173842,0.2153938070783234,0.08004202421496563,0.01941805377930779,0.002043310207615721,9.255771223110816e-05,0.00039526870653762,-0.001331440902105533,0.01561378330710932,8.409380325679782e-05,-0.007162905352448011,-0.001623525685575538,-0.0001146639773380277,0.0002034757712275398,-0.001194121521590374,0.002074912419441758,0.001453779212226518,0.00175293966346861,0.0004283901601890926,0.4190728856682018,6.000113306907844,0.3706260168738343,0.0008216071878458871,0.0
0.16967171422400265,0.01080766139141477,-0.0004120342802761386,0.0004571705906572334,0.007253597597185989,0.03234732641021184,0.17046325491751932,-0.1055796097913387,-0.022324594157223487,-0.0010994263474693531,0.00011501987028223148,-0.0005576741283283656,-0.00325558119160136,0.016658203573306135,0.025018863881696947,0.006182908868999304,0.0012790080442224062,-9.104498022634049e-05,-0.0006404711971496019,-0.0010807085619253913,-0.0006363299402971374,-0.0011229758291746563,0.00023992240640283746,-0.0006771818699124301,-0.1250291586890112,-0.009005557208924507,-6.2381723213294235e-06,0.0005104150529815078,0.006557394268462589,0.0314007942365644,0.2149502724814327,0.08410781366951366,0.018529807601297434,0.0015477219325328653,7.166906623906722e-05,-0.00036794213327819903,-0.00506399772170221,0.011332791659297197,-0.004839706457233486,-0.006417671248325931,-0.0013429665535854298,-5.318626009840649e-05,-0.0006109122094265151,-0.0019736115524248967,0.0014275663965132523,0.001005367026636783,0.0016885317887829472,0.00031635499290237254,0.41923814736635195,5.994046187952526,0.37817315201651713,0.00012909083611538933,0.0
0.1635577433057996,0.01164510326571546,0.00020531264420319836,0.0011911978959172705,0.006016475781438957,0.03602885879486366,0.16663040084865913,-0.10659435155226,-0.021662600791103766,-0.0023474304654424387,5.715841772956691e-05,0.000544821522397333,-0.00012197960965760292,0.015863508800116145,0.02544404950954927,0.003796412376154319,0.0021573866968122688,-0.00012400683642103643,0.0001235347547436799,-0.0009873361967202236,0.0005985785523954765,-0.00037549620969821464,-0.00037296822993416925,-0.0008928141049418043,-0.1253654145113223,-0.011558628097725914,-0.0002337211660939861,0.0006740772743361156,0.006784799298658952,0.03283599343301667,0.21436251475757895,0.07835540063813712,0.019888044421069728,0.0020983131103000235,0.0001236721094899388,0.00028313063107515316,-0.0013293799682468632,0.015501284205484087,-0.0004887457214577857,-0.007213663709201136,-0.0016795087658776256,-0.00010512972167664557,0.00021862936260027736,-0.0011951368583920778,0.001960246387049187,0.0011453791720274701,0.002352605783417101,0.0005158491303526683,0.4155161019877059,5.977731761573776,0.345478878969968,0.00018340172937509366,0.0
0.1635577433057996,0.01164510326571546,0.00020531264420319836,0.0011911978959172705,0.006016475781438957,0.03602885879486366,0.16663040084865913,-0.10659435155226,-0.021662600791103766,-0.0023474304654424387,5.715841772956691e-05,0.000544821522397333,-0.00012197960965760292,0.015863508800116145,0.02544404950954927,0.003796412376154319,0.0021573866968122688,-0.00012400683642103643,0.0001235347547436799,-0.0009873361967202236,0.0005985785523954765,-0.00037549620969821464,-0.00037296822993416925,-0.0008928141049418043,-0.1253654145113223,-0.011558628097725914,-0.0002337211660939861,0.0006740772743361156,0.006784799298658952,0.03283599343301667,0.21436251475757895,0.07835540063813712,0.019888044421069728,0.0020983131103000235,0.0001236721094899388,0.00028313063107515316,-0.0013293799682468632,0.015501284205484087,-0.0004887457214577857,-0.007213663709201136,-0.0016795087658776256,-0.00010512972167664557,0.00021862936260027736,-0.0011951368583920778,0.001960246387049187,0.0011453791720274701,0.002352605783417101,0.0005158491303526683,0.4155161019877059,5.977731761573776,0.345478878969968,0.00018340172937509366,0.0
0.1635577433057996,0.011646267776042033,0.00020531264420319836,0.0011911978959172705,0.006016475781438957,0.03602885879486366,0.16663040084865913,-0.10659435155226,-0.021662600791103766,-0.0023474304654424387,5.715841772956691e-05,0.000544821522397333,-0.00012197960965760292,0.015863508800116145,0.02544404950954927,0.003796412376154319,0.0021573866968122688,-0.00012400683642103643,0.0001235347547436799,-0.0009873361967202236,0.0005985785523954765,-0.00037549620969821464,-0.00037296822993416925,-0.0008928141049418043,-0.1253654145113223,-0.011558628097725914,-0.0002337211660939861,0.0006740772743361156,0.006784799298658952,0.03283599343301667,0.21436251475757895,0.07835540063813712,0.019888044421069728,0.0020983131103000235,0.0001236721094899388,0.00028313063107515316,-0.0013293799682468632,0.015501284205484087,-0.0004887457214577857,-0.007213663709201136,-0.0016795087658776256,-0.00010512972167664557,0.00021862936260027736,-0.0011951368583920778,0.001960246387049187,0.0011453791720274701,0.002352605783417101,0.0005158491303526683,0.41551607336340896,5.977731740697099,0.3454790399648242,0.00018335199654126227,0.0
0.16357409908013018,0.01164510326571546,0.00020531264420319836,0.0011911978959172705,0.006016475781438957,0.03602885879486366,0.16663040084865913,-0.10659435155226,-0.021662600791103766,-0.0023474304654424387,5.715841772956691e-05,0.000544821522397333,-0.00012197960965760292,0.015863508800116145,0.02544404950954927,0.003796412376154319,0.0021573866968122688,-0.00012400683642103643,0.0001235347547436799,-0.0009873361967202236,0.0005985785523954765,-0.00037549620969821464,-0.00037296822993416925,-0.0008928141049418043,-0.1253654145113223,-0.011558628097725914,-0.0002337211660939861,0.0006740772743361156,0.006784799298658952,0.03283599343301667,0.21436251475757895,0.07835540063813712,0.019888044421069728,0.0020983131103000235,0.0001236721094899388,0.00028313063107515316,-0.0013293799682468632,0.015501284205484087,-0.0004887457214577857,-0.007213663709201136,-0.0016795087658776256,-0.00010512972167664557,0.00021862936260027736,-0.0011951368583920778,0.001960246387049187,0.0011453791720274701,0.002352605783417101,0.0005158491303526683,0.4155184897791138,5.977732163316389,0.34548905203726576,0.0001838965263903116,0.0
0.1635577433057996,0.01164510326571546,0.00020531264420319836,0.0011921978959172704,0.006016475781438957,0.03602885879486366,0.16663040084865913,-0.10659435155226,-0.021662600791103766,-0.0023474304654424387,5.715841772956691e-05,0.000544821522397333,-0.00012197960965760292,0.015863508800116145,0.02544404950954927,0.003796412376154319,0.0021573866968122688,-0.00012400683642103643,0.0001235347547436799,-0.0009873361967202236,0.0005985785523954765,-0.00037549620969821464,-0.00037296822993416925,-0.0008928141049418043,-0.1253654145113223,-0.011558628097725914,-0.0002337211660939861,0.0006740772743361156,0.006784799298658952,0.03283599343301667,0.21436251475757895,0.07835540063813712,0.019888044421069728,0.0020983131103000235,0.0001236721094899388,0.00028313063107515316,-0.0013293799682468632,0.015501284205484087,-0.0004887457214577857,-0.007213663709201136,-0.0016795087658776256,-0.00010512972167664557,0.00021862936260027736,-0.0011951368583920778,0.001960246387049187,0.0011453791720274701,0.002352605783417101,0.0005158491303526683,0.4155160979175193,5.977731856006976,0.3454451518468182,0.0001834945215893172,0.0
0.1635577433057996,0.01164510326571546,0.00020631264420319835,0.0011911978959172705,0.006016475781438957,0.03602885879486366,0.16663040084865913,-0.10659435155226,-0.021662600791103766,-0.0023474304654424387,5.715841772956691e-05,0.000544821522397333,-0.00012197960965760292,0.015863508800116145,0.02544404950954927,0.003796412376154319,0.0021573866968122688,-0.00012400683642103643,0.0001235347547436799,-0.0009873361967202236,0.0005985785523954765,-0.00037549620969821464,-0.00037296822993416925,-0.0008928141049418043,-0.1253654145113223,-0.011558628097725914,-0.0002337211660939861,0.0006740772743361156,0.006784799298658952,0.03283599343301667,0.21436251475757895,0.07835540063813712,0.019888044421069728,0.0020983131103000235,0.0001236721094899388,0.00028313063107515316,-0.0013293799682468632,0.015501284205484087,-0.0004887457214577857,-0.007213663709201136,-0.0016795087658776256,-0.00010512972167664557,0.00021862936260027736,-0.0011951368583920778,0.001960246387049187,0.0011453791720274701,0.002352605783417101,0.0005158491303526683,0.41551609169275994,5.977731759676813,0.34547044683089667,0.0001835168726134212,0.0
0.1635577433057996,0.01164510326571546,0.00020531264420319836,0.0011911978959172705,0.006016475781438957,0.036032461680743144,0.16663040084865913,-0.10659435155226,-0.021662600791103766,-0.0023474304654424387,5.715841772956691e-05,0.000544821522397333,-0.00012197960965760292,0.015863508800116145,0.02544404950954927,0.003796412376154319,0.0021573866968122688,-0.00012400683642103643,0.0001235347547436799,-0.0009873361967202236,0.0005985785523954765,-0.00037549620969821464,-0.00037296822993416925,-0.0008928141049418043,-0.1253654145113223,-0.011558628097725914,-0.0002337211660939861,0.0006740772743361156,0.006784799298658952,0.03283599343301667,0.21436251475757895,0.07835540063813712,0.019888044421069728,0.0020983131103000235,0.0001236721094899388,0.00028313063107515316,-0.0013293799682468632,0.015501284205484087,-0.0004887457214577857,-0.007213663709201136,-0.0016795087658776256,-0.00010512972167664557,0.00021862936260027736,-0.0011951368583920778,0.001960246387049187,0.0011453791720274701,0.002352605783417101,0.0005158491303526683,0.4155155318318286,5.977732291545464,0.34545905268517935,0.000182819028621659,0.0
0.1635577433057996,0.01164510326571546,0.00020531264420319836,0.0011911978959172705,0.006017475781438957,0.03602885879486366,0.16663040084865913,-0.10659435155226,-0.021662600791103766,-0.0023474304654424387,5.715841772956691e-05,0.000544821522397333,-0.00012197960965760292,0.015863508800116145,0.02544404950954927,0.003796412376154319,0.0021573866968122688,-0.00012400683642103643,0.0001235347547436799,-0.0009873361967202236,0.0005985785523954765,-0.00037549620969821464,-0.00037296822993416925,-0.0008928141049418043,-0.1253654145113223,-0.011558628097725914,-0.0002337211660939861,0.0006740772743361156,0.006784799298658952,0.03283599343301667,0.21436251475757895,0.07835540063813712,0.019888044421069728,0.0020983131103000235,0.0001236721094899388,0.00028313063107515316,-0.0013293799682468632,0.015501284205484087,-0.0004887457214577857,-0.007213663709201136,-0.0016795087658776256,-0.00010512972167664557,0.00021862936260027736,-0.0011951368583920778,0.001960246387049187,0.0011453791720274701,0.002352605783417101,0.0005158491303526683,0.41551609207421303,5.9777318797764645,0.34546778825889235,0.00018379186268789696,0.0
0.1635577433057996,0.01164510326571546,0.00020531264420319836,0.0011911978959172705,0.006016475781438957,0.03602885879486366,0.16663040084865913,-0.10658369211710478,-0.021662600791103766,-0.0023474304654424387,5.715841772956691e-05,0.000544821522397333,-0.00012197960965760292,0.015863508800116145,0.02544404950954927,0.003796412376154319,0.0021573866968122688,-0.00012400683642103643,0.0001235347547436799,-0.0009873361967202236,0.0005985785523954765,-0.00037549620969821464,-0.00037296822993416925,-0.0008928141049418043,-0.1253654145113223,-0.011558628097725914,-0.0002337211660939861,0.0006740772743361156,0.006784799298658952,0.03283599343301667,0.21436251475757895,0.07835540063813712,0.019888044421069728,0.0020983131103000235,0.0001236721094899388,0.00028313063107515316,-0.0013293799682468632,0.015501284205484087,-0.0004887457214577857,-0.007213663709201136,-0.0016795087658776256,-0.00010512972167664557,0.00021862936260027736,-0.0011951368583920778,0.001960246387049187,0.0011453791720274701,0.002352605783417101,0.0005158491303526683,0.4154834495227196,5.977695384062976,0.34555984831665587,0.00018059205475748322,0.0
0.1635577433057996,0.01164510326571546,0.00020531264420319836,0.0011911978959172705,0.006016475781438957,0.03602885879486366,0.16664706388874398,-0.10659435155226,-0.021662600791103766,-0.0023474304654424387,5.715841772956691e-05,0.000544821522397333,-0.00012197960965760292,0.015863508800116145,0.02544404950954927,0.003796412376154319,0.0021573866968122688,-0.00012400683642103643,0.0001235347547436799,-0.0009873361967202236,0.0005985785523954765,-0.00037549620969821464,-0.00037296822993416925,-0.0008928141049418043,-0.1253654145113223,-0.011558628097725914,-0.0002337211660939861,0.0006740772743361156,0.006784799298658952,0.03283599343301667,0.21436251475757895,0.07835540063813712,0.019888044421069728,0.0020983131103000235,0.0001236721094899388,0.00028313063107515316,-0.0013293799682468632,0.015501284205484087,-0.0004887457214577857,-0.007213663709201136,-0.0016795087658776256,-0.00010512972167664557,0.00021862936260027736,-0.0011951368583920778,0.001960246387049187,0.0011453791720274701,0.002352605783417101,0.0005158491303526683,0.4155031906571953,5.977401695474063,0.34545946321989446,0.0001817715587195661,0.0
0.1635577433057996,0.01164510326571546,0.00020531264420319836,0.0011911978959172705,0.006016475781438957,0.03602885879486366,0.16663040084865913,-0.10659435155226,-0.021662600791103766,-0.0023464304654424385,5.715841772956691e-05,0.000544821522397333,-0.00012197960965760292,0.015863508800116145,0.02544404950954927,0.003796412376154319,0.0021573866968122688,-0.00012400683642103643,0.0001235347547436799,-0.0009873361967202236,0.0005985785523954765,-0.00037549620969821464,-0.00037296822993416925,-0.0008928141049418043,-0.1253654145113223,-0.011558628097725914,-0.0002337211660939861,0.0006740772743361156,0.006784799298658952,0.03283599343301667,0.21436251475757895,0.07835540063813712,0.019888044421069728,0.0020983131103000235,0.0001236721094899388,0.00028313063107515316,-0.0013293799682468632,0.015501284205484087,-0.0004887457214577857,-0.007213663709201136,-0.0016795087658776256,-0.00010512972167664557,0.00021862936260027736,-0.0011951368583920778,0.001960246387049187,0.0011453791720274701,0.002352605783417101,0.0005158491303526683,0.41551611698623425,5.977731944633708,0.34543969913498845,0.00018377362913304436,0.0
0.1635577433057996,0.01164510326571546,0.00020531264420319836,0.0011911978959172705,0.006016475781438957,0.03602885879486366,0.16663040084865913,-0.10659435155226,-0.021660434531024658,-0.0023474304654424387,5.715841772956691e-05,0.000544821522397333,-0.00012197960965760292,0.015863508800116145,0.02544404950954927,0.003796412376154319,0.0021573866968122688,-0.00012400683642103643,0.0001235347547436799,-0.0009873361967202236,0.0005985785523954765,-0.00037549620969821464,-0.00037296822993416925,-0.0008928141049418043,-0.1253654145113223,-0.011558628097725914,-0.0002337211660939861,0.0006740772743361156,0.006784799298658952,0.03283599343301667,0.21436251475757895,0.07835540063813712,0.019888044421069728,0.0020983131103000235,0.0001236721094899388,0.00028313063107515316,-0.0013293799682468632,0.015501284205484087,-0.0004887457214577857,-0.007213663709201136,-0.0016795087658776256,-0.00010512972167664557,0.00021862936260027736,-0.0011951368583920778,0.001960246387049187,0.0011453791720274701,0.002352605783417101,0.0005158491303526683,0.41551581696690226,5.977730714399565,0.3454738188474685,0.00018387987117808347,0.0
0.1635577433057996,0.01164510326571546,0.00020531264420319836,0.0011911978959172705,0.006016475781438957,0.03602885879486366,0.16663040084865913,-0.10659435155226,-0.021662600791103766,-0.0023474304654424387,5.715841772956691e-05,0.000545821522397333,-0.00012197960965760292,0.015863508800116145,0.02544404950954927,0.003796412376154319,0.0021573866968122688,-0.00012400683642103643,0.0001235347547436799,-0.0009873361967202236,0.0005985785523954765,-0.00037549620969821464,-0.00037296822993416925,-0.0008928141049418043,-0.1253654145113223,-0.011558628097725914,-0.0002337211660939861,0.0006740772743361156,0.006784799298658952,0.03283599343301667,0.21436251475757895,0.07835540063813712,0.019888044421069728,0.0020983131103000235,0.0001236721094899388,0.00028313063107515316,-0.0013293799682468632,0.015501284205484087,-0.0004887457214577857,-0.007213663709201136,-0.0016795087658776256,-0.00010512972167664557,0.00021862936260027736,-0.0011951368583920778,0.001960246387049187,0.0011453791720274701,0.002352605783417101,0.0005158491303526683,0.41551612563662393,5.977732104230921,0.3454771351908891,0.00018363708030968127,0.0
0.1635577433057996,0.01164510326571546,0.00020531264420319836,0.0011911978959172705,0.006016475781438957,0.03602885879486366,0.16663040084865913,-0.10659435155226,-0.021662600791103766,-0.0023474304654424387,5.815841772956691e-05,0.000544821522397333,-0.00012197960965760292,0.015863508800116145,0.02544404950954927,0.003796412376154319,0.0021573866968122688,-0.00012400683642103643,0.0001235347547436799,-0.0009873361967202236,0.0005985785523954765,-0.00037549620969821464,-0.00037296822993416925,-0.0008928141049418043,-0.1253654145113223,-0.011558628097725914,-0.0002337211660939861,0.0006740772743361156,0.006784799298658952,0.03283599343301667,0.21436251475757895,0.07835540063813712,0.019888044421069728,0.0020983131103000235,0.0001236721094899388,0.00028313063107515316,-0.0013293799682468632,0.015501284205484087,-0.0004887457214577857,-0.007213663709201136,-0.0016795087658776256,-0.00010512972167664557,0.00021862936260027736,-0.0011951368583920778,0.001960246387049187,0.0011453791720274701,0.002352605783417101,0.0005158491303526683,0.41551611670288774,5.9777318163481095,0.34546791987900544,0.00018355660170873286,0.0
0.1635577433057996,0.01164510326571546,0.00020531264420319836,0.0011911978959172705,0.006016475781438957,0.03602885879486366,0.16663040084865913,-0.10659435155226,-0.021662600791103766,-0.0023474304654424387,5.715841772956691e-05,0.000544821522397333,-0.00012197960965760292,0.015865095150996156,0.02544404950954927,0.003796412376154319,0.0021573866968122688,-0.00012400683642103643,0.0001235347547436799,-0.0009873361967202236,0.0005985785523954765,-0.00037549620969821464,-0.00037296822993416925,-0.0008928141049418043,-0.1253654145113223,-0.011558628097725914,-0.0002337211660939861,0.0006740772743361156,0.006784799298658952,0.03283599343301667,0.21436251475757895,0.07835540063813712,0.019888044421069728,0.0020983131103000235,0.0001236721094899388,0.00028313063107515316,-0.0013293799682468632,0.015501284205484087,-0.0004887457214577857,-0.007213663709201136,-0.0016795087658776256,-0.00010512972167664557,0.00021862936260027736,-0.0011951368583920778,0.001960246387049187,0.0011453791720274701,0.002352605783417101,0.0005158491303526683,0.41551653555429074,5.977732203522594,0.34547450265633195,0.00018339897538285118,0.0
0.1635577433057996,0.01164510326571546,0.00020531264420319836,0.0011911978959172705,0.006016475781438957,0.03602885879486366,0.16663040084865913,-0.10659435155226,-0.021662600791103766,-0.0023474304654424387,5.715841772956691e-05,0.000544821522397333,-0.00012097960965760292,0.015863508800116145,0.02544404950954927,0.003796412376154319,0.0021573866968122688,-0.00012400683642103643,0.0001235347547436799,-0.0009873361967202236,0.0005985785523954765,-0.00037549620969821464,-0.00037296822993416925,-0.0008928141049418043,-0.1253654145113223,-0.011558628097725914,-0.0002337211660939861,0.0006740772743361156,0.006784799298658952,0.03283599343301667,0.21436251475757895,0.07835540063813712,0.019888044421069728,0.0020983131103000235,0.0001236721094899388,0.00028313063107515316,-0.0013293799682468632,0.015501284205484087,-0.0004887457214577857,-0.007213663709201136,-0.0016795087658776256,-0.00010512972167664557,0.00021862936260027736,-0.0011951368583920778,0.001960246387049187,0.0011453791720274701,0.002352605783417101,0.0005158491303526683,0.415516186805714,5.977733768987659,0.345480324620065,0.00018344415564743426,0.0
0.1635577433057996,0.01164510326571546,0.00020531264420319836,0.0011911978959172705,0.006016475781438957,0.03602885879486366,0.16663040084865913,-0.10659435155226,-0.021662600791103766,-0.0023474304654424387,5.715841772956691e-05,0.000544821522397333,-0.00012197960965760292,0.015863508800116145,0.02544404950954927,0.003797412376154319,0.0021573866968122688,-0.00012400683642103643,0.0001235347547436799,-0.0009873361967202236,0.0005985785523954765,-0.00037549620969821464,-0.00037296822993416925,-0.0008928141049418043,-0.1253654145113223,-0.011558628097725914,-0.0002337211660939861,0.0006740772743361156,0.006784799298658952,0.03283599343301667,0.21436251475757895,0.07835540063813712,0.019888044421069728,0.0020983131103000235,0.0001236721094899388,0.00028313063107515316,-0.0013293799682468632,0.015501284205484087,-0.0004887457214577857,-0.007213663709201136,-0.0016795087658776256,-0.00010512972167664557,0.00021862936260027736,-0.0011951368583920778,0.001960246387049187,0.0011453791720274701,0.002352605783417101,0.0005158491303526683,0.41551580665396837,5.977732367196409,0.34548594427239027,0.00018332972358432777,0.0
0.1635577433057996,0.01164510326571546,0.00020531264420319836,0.0011911978959172705,0.006016475781438957,0.03602885879486366,0.16663040084865913,-0.10659435155226,-0.021662600791103766,-0.0023474304654424387,5.715841772956691e-05,0.000544821522397333,-0.00012197960965760292,0.015863508800116145,0.025446593914500226,0.003796412376154319,0.0021573866968122688,-0.00012400683642103643,0.0001235347547436799,-0.0009873361967202236,0.0005985785523954765,-0.00037549620969821464,-0.00037296822993416925,-0.0008928141049418043,-0.1253654145113223,-0.011558628097725914,-0.0002337211660939861,0.0006740772743361156,0.006784799298658952,0.03283599343301667,0.21436251475757895,0.07835540063813712,0.019888044421069728,0.0020983131103000235,0.0001236721094899388,0.00028313063107515316,-0.0013293799682468632,0.015501284205484087,-0.0004887457214577857,-0.007213663709201136,-0.0016795087658776256,-0.00010512972167664557,0.00021862936260027736,-0.0011951368583920778,0.001960246387049187,0.0011453791720274701,0.002352605783417101,0.0005158491303526683,0.4155185948267984,5.977730106706702,0.3454699365352611,0.00018329095122217185,0.0
0.1635577433057996,0.01164510326571546,0.00020531264420319836,0.0011911978959172705,0.006016475781438957,0.03602885879486366,0.16663040084865913,-0.10659435155226,-0.021662600791103766,-0.0023474304654424387,5.715841772956691e-05,0.000544821522397333,-0.00012197960965760292,0.015863508800116145,0.02544404950954927,0.003796412376154319,0.0021573866968122688,-0.00012300683642103643,0.0001235347547436799,-0.0009873361967202236,0.0005985785523954765,-0.00037549620969821464,-0.00037296822993416925,-0.0008928141049418043,-0.1253654145113223,-0.011558628097725914,-0.0002337211660939861,0.0006740772743361156,0.006784799298658952,0.03283599343301667,0.21436251475757895,0.07835540063813712,0.019888044421069728,0.0020983131103000235,0.0001236721094899388,0.00028313063107515316,-0.0013293799682468632,0.015501284205484087,-0.0004887457214577857,-0.007213663709201136,-0.0016795087658776256,-0.00010512972167664557,0.00021862936260027736,-0.0011951368583920778,0.001960246387049187,0.0011453791720274701,0.002352605783417101,0.0005158491303526683,0.4155160957307714,5.977731814853169,0.3454770604080009,0.00018344780919719362,0.0
0.1635577433057996,0.01164510326571546,0.00020531264420319836,0.0011911978959172705,0.006016475781438957,0.03602885879486366,0.16663040084865913,-0.10659435155226,-0.021662600791103766,-0.0023474304654424387,5.715841772956691e-05,0.000544821522397333,-0.00012197960965760292,0.015863508800116145,0.02544404950954927,0.003796412376154319,0.002158386696812269,-0.00012400683642103643,0.0001235347547436799,-0.0009873361967202236,0.0005985785523954765,-0.00037549620969821464,-0.00037296822993416925,-0.0008928141049418043,-0.1253654145113223,-0.011558628097725914,-0.0002337211660939861,0.0006740772743361156,0.006784799298658952,0.03283599343301667,0.21436251475757895,0.07835540063813712,0.019888044421069728,0.0020983131103000235,0.0001236721094899388,0.00028313063107515316,-0.0013293799682468632,0.015501284205484087,-0.0004887457214577857,-0.007213663709201136,-0.0016795087658776256,-0.00010512972167664557,0.00021862936260027736,-0.0011951368583920778,0.001960246387049187,0.0011453791720274701,0.002352605783417101,0.0005158491303526683,0.4155159244221264,5.9777314986020205,0.3454702489208872,0.00018341914851570138,0.0
0.1635577433057996,0.01164510326571546,0.00020531264420319836,0.0011911978959172705,0.006016475781438957,0.03602885879486366,0.16663040084865913,-0.10659435155226,-0.021662600791103766,-0.0023474304654424387,5.715841772956691e-05,0.000544821522397333,-0.00012197960965760292,0.015863508800116145,0.02544404950954927,0.003796412376154319,0.0021573866968122688,-0.00012400683642103643,0.0001235347547436799,-0.0009863361967202236,0.0005985785523954765,-0.00037549620969821464,-0.00037296822993416925,-0.0008928141049418043,-0.1253654145113223,-0.011558628097725914,-0.0002337211660939861,0.0006740772743361156,0.006784799298658952,0.03283599343301667,0.21436251475757895,0.07835540063813712,0.019888044421069728,0.0020983131103000235,0.0001236721094899388,0.00028313063107515316,-0.0013293799682468632,0.015501284205484087,-0.0004887457214577857,-0.007213663709201136,-0.0016795087658776256,-0.00010512972167664557,0.00021862936260027736,-0.0011951368583920778,0.001960246387049187,0.0011453791720274701,0.002352605783417101,0.0005158491303526683,0.415515950396582,5.977732393569587,0.34547937466138573,0.0001834426314673468,0.0
0.1635577433057996,0.01164510326571546,0.00020531264420319836,0.0011911978959172705,0.006016475781438957,0.03602885879486366,0.16663040084865913,-0.10659435155226,-0.021662600791103766,-0.0023474304654424387,5.715841772956691e-05,0.000544821522397333,-0.00012197960965760292,0.015863508800116145,0.02544404950954927,0.003796412376154319,0.0021573866968122688,-0.00012400683642103643,0.0001245347547436799,-0.0009873361967202236,0.0005985785523954765,-0.00037549620969821464,-0.00037296822993416925,-0.0008928141049418043,-0.1253654145113223,-0.011558628097725914,-0.0002337211660939861,0.0006740772743361156,0.006784799298658952,0.03283599343301667,0.21436251475757895,0.07835540063813712,0.019888044421069728,0.0020983131103000235,0.0001236721094899388,0.00028313063107515316,-0.0013293799682468632,0.015501284205484087,-0.0004887457214577857,-0.007213663709201136,-0.0016795087658776256,-0.00010512972167664557,0.00021862936260027736,-0.0011951368583920778,0.001960246387049187,0.0011453791720274701,0.002352605783417101,0.0005158491303526683,0.4155161059125681,5.977731674018964,0.34547762921265424,0.0001835062382299539,0.0
0.1635577433057996,0.01164510326571546,0.00020531264420319836,0.0011911978959172705,0.006016475781438957,0.03602885879486366,0.16663040084865913,-0.10659435155226,-0.021662600791103766,-0.0023474304654424387,5.715841772956691e-05,0.000544821522397333,-0.00012197960965760292,0.015863508800116145,0.02544404950954927,0.003796412376154319,0.0021573866968122688,-0.00012400683642103643,0.0001235347547436799,-0.0009873361967202236,0.0005985785523954765,-0.0003744962096982146,-0.00037296822993416925,-0.0008928141049418043,-0.1253654145113223,-0.011558628097725914,-0.0002337211660939861,0.0006740772743361156,0.006784799298658952,0.03283599343301667,0.21436251475757895,0.07835540063813712,0.019888044421069728,0.0020983131103000235,0.0001236721094899388,0.00028313063107515316,-0.0013293799682468632,0.015501284205484087,-0.0004887457214577857,-0.007213663709201136,-0.0016795087658776256,-0.00010512972167664557,0.00021862936260027736,-0.0011951368583920778,0.001960246387049187,0.0011453791720274701,0.002352605783417101,0.0005158491303526683,0.41551230210447926,5.977731910145228,0.34549855267435037,0.0001833739971315134,0.0
0.1635577433057996,0.01164510326571546,0.00020531264420319836,0.0011911978959172705,0.006016475781438957,0.03602885879486366,0.16663040084865913,-0.10659435155226,-0.021662600791103766,-0.0023474304654424387,5.715841772956691e-05,0.000544821522397333,-0.00012197960965760292,0.015863508800116145,0.02544404950954927,0.003796412376154319,0.0021573866968122688,-0.00012400683642103643,0.0001235347547436799,-0.0009873361967202236,0.0005995785523954765,-0.00037549620969821464,-0.00037296822993416925,-0.0008928141049418043,-0.1253654145113223,-0.011558628097725914,-0.0002337211660939861,0.0006740772743361156,0.006784799298658952,0.03283599343301667,0.21436251475757895,0.07835540063813712,0.019888044421069728,0.0020983131103000235,0.0001236721094899388,0.00028313063107515316,-0.0013293799682468632,0.015501284205484087,-0.0004887457214577857,-0.007213663709201136,-0.0016795087658776256,-0.00010512972167664557,0.00021862936260027736,-0.0011951368583920778,0.001960246387049187,0.0011453791720274701,0.002352605783417101,0.0005158491303526683,0.4155158242292497,5.977732132238619,0.34548411159188136,0.0001834228153880755,0.0
0.1635577433057996,0.01164510326571546,0.00020531264420319836,0.0011911978959172705,0.006016475781438957,0.03602885879486366,0.16663040084865913,-0.10659435155226,-0.021662600791103766,-0.0023474304654424387,5.715841772956691e-05,0.000544821522397333,-0.00012197960965760292,0.015863508800116145,0.02544404950954927,0.003796412376154319,0.0021573866968122688,-0.00012400683642103643,0.0001235347547436799,-0.0009873361967202236,0.0005985785523954765,-0.00037549620969821464,-0.00037296822993416925,-0.0008918141049418043,-0.1253654145113223,-0.011558628097725914,-0.0002337211660939861,0.0006740772743361156,0.006784799298658952,0.03283599343301667,0.21436251475757895,0.07835540063813712,0.019888044421069728,0.0020983131103000235,0.0001236721094899388,0.00028313063107515316,-0.0013293799682468632,0.015501284205484087,-0.0004887457214577857,-0.007213663709201136,-0.0016795087658776256,-0.00010512972167664557,0.00021862936260027736,-0.0011951368583920778,0.001960246387049187,0.0011453791720274701,0.002352605783417101,0.0005158491303526683,0.41551576021764774,5.9777319507137365,0.34547706881377716,0.00018346118104359488,0.0
0.1635577433057996,0.01164510326571546,0.00020531264420319836,0.0011911978959172705,0.006016475781438957,0.03602885879486366,0.16663040084865913,-0.10659435155226,-0.021662600791103766,-0.0023474304654424387,5.715841772956691e-05,0.000544821522397333,-0.00012197960965760292,0.015863508800116145,0.02544404950954927,0.003796412376154319,0.0021573866968122688,-0.00012400683642103643,0.0001235347547436799,-0.0009873361967202236,0.0005985785523954765,-0.00037549620969821464,-0.0003719682299341692,-0.0008928141049418043,-0.1253654145113223,-0.011558628097725914,-0.0002337211660939861,0.0006740772743361156,0.006784799298658952,0.03283599343301667,0.21436251475757895,0.07835540063813712,0.019888044421069728,0.0020983131103000235,0.0001236721094899388,0.00028313063107515316,-0.0013293799682468632,0.015501284205484087,-0.0004887457214577857,-0.007213663709201136,-0.0016795087658776256,-0.00010512972167664557,0.00021862936260027736,-0.0011951368583920778,0.001960246387049187,0.0011453791720274701,0.002352605783417101,0.0005158491303526683,0.41551359148907935,5.977731110579384,0.34550825551196995,0.00018331952032168633,0.0
0.1635577433057996,0.01164510326571546,0.00020531264420319836,0.0011911978959172705,0.006016475781438957,0.03602885879486366,0.16663040084865913,-0.10659435155226,-0.021662600791103766,-0.0023474304654424387,5.715841772956691e-05,0.000544821522397333,-0.00012197960965760292,0.015863508800116145,0.02544404950954927,0.003796412376154319,0.0021573866968122688,-0.00012400683642103643,0.0001235347547436799,-0.0009873361967202236,0.0005985785523954765,-0.00037549620969821464,-0.00037296822993416925,-0.0008928141049418043,-0.1253654145113223,-0.011557472234916141,-0.0002337211660939861,0.0006740772743361156,0.006784799298658952,0.03283599343301667,0.21436251475757895,0.07835540063813712,0.019888044421069728,0.0020983131103000235,0.0001236721094899388,0.00028313063107515316,-0.0013293799682468632,0.015501284205484087,-0.0004887457214577857,-0.007213663709201136,-0.0016795087658776256,-0.00010512972167664557,0.00021862936260027736,-0.0011951368583920778,0.001960246387049187,0.0011453791720274701,0.002352605783417101,0.0005158491303526683,0.4155161532392958,5.977731761573776,0.34547715453008093,0.00018344001226583298,0.0
0.1635577433057996,0.01164510326571546,0.00020531264420319836,0.0011911978959172705,0.006016475781438957,0.03602885879486366,0.16663040084865913,-0.10659435155226,-0.021662600791103766,-0.0023474304654424387,5.715841772956691e-05,0.000544821522397333,-0.00012197960965760292,0.015863508800116145,0.02544404950954927,0.003796412376154319,0.0021573866968122688,-0.00012400683642103643,0.0001235347547436799,-0.0009873361967202236,0.0005985785523954765,-0.00037549620969821464,-0.00037296822993416925,-0.0008928141049418043,-0.12535287796987116,-0.011558628097725914,-0.0002337211660939861,0.0006740772743361156,0.006784799298658952,0.03283599343301667,0.21436251475757895,0.07835540063813712,0.019888044421069728,0.0020983131103000235,0.0001236721094899388,0.00028313063107515316,-0.0013293799682468632,0.015501284205484087,-0.0004887457214577857,-0.007213663709201136,-0.0016795087658776256,-0.00010512972167664557,0.00021862936260027736,-0.0011951368583920778,0.001960246387049187,0.0011453791720274701,0.002352605783417101,0.0005158491303526683,0.4155146510846145,5.977731761573776,0.34547981909260045,0.00018367827561706758,0.0
0.1635577433057996,0.01164510326571546,0.00020531264420319836,0.0011911978959172705,0.006016475781438957,0.03602885879486366,0.16663040084865913,-0.10659435155226,-0.021662600791103766,-0.0023474304654424387,5.715841772956691e-05,0.000544821522397333,-0.00012197960965760292,0.015863508800116145,0.02544404950954927,0.003796412376154319,0.0021573866968122688,-0.00012400683642103643,0.0001235347547436799,-0.0009873361967202236,0.0005985785523954765,-0.00037549620969821464,-0.00037296822993416925,-0.0008928141049418043,-0.1253654145113223,-0.011558628097725914,-0.0002337211660939861,0.0006750772743361156,0.006784799298658952,0.03283599343301667,0.21436251475757895,0.07835540063813712,0.019888044421069728,0.0020983131103000235,0.0001236721094899388,0.00028313063107515316,-0.0013293799682468632,0.015501284205484087,-0.0004887457214577857,-0.007213663709201136,-0.0016795087658776256,-0.00010512972167664557,0.00021862936260027736,-0.0011951368583920778,0.001960246387049187,0.0011453791720274701,0.002352605783417101,0.0005158491303526683,0.41551611114351006,5.977731774567441,0.3454474469308809,0.0001841013338828566,0.0
0.1635577433057996,0.01164510326571546,0.00020531264420319836,0.0011911978959172705,0.006016475781438957,0.03602885879486366,0.16663040084865913,-0.10659435155226,-0.021662600791103766,-0.0023474304654424387,5.715841772956691e-05,0.000544821522397333,-0.00012197960965760292,0.015863508800116145,0.02544404950954927,0.003796412376154319,0.0021573866968122688,-0.00012400683642103643,0.0001235347547436799,-0.0009873361967202236,0.0005985785523954765,-0.00037549620969821464,-0.00037296822993416925,-0.0008928141049418043,-0.1253654145113223,-0.011558628097725914,-0.0002327211660939861,0.0006740772743361156,0.006784799298658952,0.03283599343301667,0.21436251475757895,0.07835540063813712,0.019888044421069728,0.0020983131103000235,0.0001236721094899388,0.00028313063107515316,-0.0013293799682468632,0.015501284205484087,-0.0004887457214577857,-0.007213663709201136,-0.0016795087658776256,-0.00010512972167664557,0.00021862936260027736,-0.0011951368583920778,0.001960246387049187,0.0011453791720274701,0.002352605783417101,0.0005158491303526683,0.41551610492323476,5.977731761573776,0.3454838860587867,0.0001834365602544438,0.0
0.1635577433057996,0.01164510326571546,0.00020531264420319836,0.0011911978959172705,0.006016475781438957,0.03602885879486366,0.16663040084865913,-0.10659435155226,-0.021662600791103766,-0.0023474304654424387,5.715841772956691e-05,0.000544821522397333,-0.00012197960965760292,0.015863508800116145,0.02544404950954927,0.003796412376154319,0.0021573866968122688,-0.00012400683642103643,0.0001235347547436799,-0.0009873361967202236,0.0005985785523954765,-0.00037549620969821464,-0.00037296822993416925,-0.0008928141049418043,-0.1253654145113223,-0.011558628097725914,-0.0002337211660939861,0.0006740772743361156,0.006784799298658952,0.032839277032359976,0.21436251475757895,0.07835540063813712,0.019888044421069728,0.0020983131103000235,0.0001236721094899388,0.00028313063107515316,-0.0013293799682468632,0.015501284205484087,-0.0004887457214577857,-0.007213663709201136,-0.0016795087658776256,-0.00010512972167664557,0.00021862936260027736,-0.0011951368583920778,0.001960246387049187,0.0011453791720274701,0.002352605783417101,0.0005158491303526683,0.41551605744655584,5.97772754833943,0.3454691124684249,0.00018186808096780474,0.0
0.1635577433057996,0.01164510326571546,0.00020531264420319836,0.0011911978959172705,0.006016475781438957,0.03602885879486366,0.16663040084865913,-0.10659435155226,-0.021662600791103766,-0.0023474304654424387,5.715841772956691e-05,0.000544821522397333,-0.00012197960965760292,0.015863508800116145,0.02544404950954927,0.003796412376154319,0.0021573866968122688,-0.00012400683642103643,0.0001235347547436799,-0.0009873361967202236,0.0005985785523954765,-0.00037549620969821464,-0.00037296822993416925,-0.0008928141049418043,-0.1253654145113223,-0.011558628097725914,-0.0002337211660939861,0.0006740772743361156,0.006785799298658952,0.03283599343301667,0.21436251475757895,0.07835540063813712,0.019888044421069728,0.0020983131103000235,0.0001236721094899388,0.00028313063107515316,-0.0013293799682468632,0.015501284205484087,-0.0004887457214577857,-0.007213663709201136,-0.0016795087658776256,-0.00010512972167664557,0.00021862936260027736,-0.0011951368583920778,0.001960246387049187,0.0011453791720274701,0.002352605783417101,0.0005158491303526683,0.41551608526996026,5.977731915376505,0.3455002998505903,0.00018348349743849346,0.0
0.1635577433057996,0.01164510326571546,0.00020531264420319836,0.0011911978959172705,0.006016475781438957,0.03602885879486366,0.16663040084865913,-0.10659435155226,-0.021662600791103766,-0.0023474304654424387,5.715841772956691e-05,0.000544821522397333,-0.00012197960965760292,0.015863508800116145,0.02544404950954927,0.003796412376154319,0.0021573866968122688,-0.00012400683642103643,0.0001235347547436799,-0.0009873361967202236,0.0005985785523954765,-0.00037549620969821464,-0.00037296822993416925,-0.0008928141049418043,-0.1253654145113223,-0.011558628097725914,-0.0002337211660939861,0.0006740772743361156,0.006784799298658952,0.03283599343301667,0.21436251475757895,0.07836323617820093,0.019888044421069728,0.0020983131103000235,0.0001236721094899388,0.00028313063107515316,-0.0013293799682468632,0.015501284205484087,-0.0004887457214577857,-0.007213663709201136,-0.0016795087658776256,-0.00010512972167664557,0.00021862936260027736,-0.0011951368583920778,0.001960246387049187,0.0011453791720274701,0.002352605783417101,0.0005158491303526683,0.4155367202762747,5.977844025178375,0.3455364215516591,0.0001820645789774735,0.0
0.1635577433057996,0.01164510326571546,0.00020531264420319836,0.0011911978959172705,0.006016475781438957,0.03602885879486366,0.16663040084865913,-0.10659435155226,-0.021662600791103766,-0.0023474304654424387,5.715841772956691e-05,0.000544821522397333,-0.00012197960965760292,0.015863508800116145,0.02544404950954927,0.003796412376154319,0.0021573866968122688,-0.00012400683642103643,0.0001235347547436799,-0.0009873361967202236,0.0005985785523954765,-0.00037549620969821464,-0.00037296822993416925,-0.0008928141049418043,-0.1253654145113223,-0.011558628097725914,-0.0002337211660939861,0.0006740772743361156,0.006784799298658952,0.03283599343301667,0.21438395100905472,0.07835540063813712,0.019888044421069728,0.0020983131103000235,0.0001236721094899388,0.00028313063107515316,-0.0013293799682468632,0.015501284205484087,-0.0004887457214577857,-0.007213663709201136,-0.0016795087658776256,-0.00010512972167664557,0.00021862936260027736,-0.0011951368583920778,0.001960246387049187,0.0011453791720274701,0.002352605783417101,0.0005158491303526683,0.4154716419600116,5.977324044971009,0.345697445503141,0.00018511959809919135,0.0
0.1635577433057996,0.01164510326571546,0.00020531264420319836,0.0011911978959172705,0.006016475781438957,0.03602885879486366,0.16663040084865913,-0.10659435155226,-0.021662600791103766,-0.0023474304654424387,5.715841772956691e-05,0.000544821522397333,-0.00012197960965760292,0.015863508800116145,0.02544404950954927,0.003796412376154319,0.0021573866968122688,-0.00012400683642103643,0.0001235347547436799,-0.0009873361967202236,0.0005985785523954765,-0.00037549620969821464,-0.00037296822993416925,-0.0008928141049418043,-0.1253654145113223,-0.011558628097725914,-0.0002337211660939861,0.0006740772743361156,0.006784799298658952,0.03283599343301667,0.21436251475757895,0.07835540063813712,0.019888044421069728,0.0020993131103000237,0.0001236721094899388,0.00028313063107515316,-0.0013293799682468632,0.015501284205484087,-0.0004887457214577857,-0.007213663709201136,-0.0016795087658776256,-0.00010512972167664557,0.00021862936260027736,-0.0011951368583920778,0.001960246387049187,0.0011453791720274701,0.002352605783417101,0.0005158491303526683,0.41551610880782347,5.9777315879411335,0.34544884966620165,0.00018340933617271658,0.0
0.1635577433057996,0.01164510326571546,0.00020531264420319836,0.0011911978959172705,0.006016475781438957,0.03602885879486366,0.16663040084865913,-0.10659435155226,-0.021662600791103766,-0.0023474304654424387,5.715841772956691e-05,0.000544821522397333,-0.00012197960965760292,0.015863508800116145,0.02544404950954927,0.003796412376154319,0.0021573866968122688,-0.00012400683642103643,0.0001235347547436799,-0.0009873361967202236,0.0005985785523954765,-0.00037549620969821464,-0.00037296822993416925,-0.0008928141049418043,-0.1253654145113223,-0.011558628097725914,-0.0002337211660939861,0.0006740772743361156,0.006784799298658952,0.03283599343301667,0.21436251475757895,0.07835540063813712,0.019890033225511836,0.0020983131103000235,0.0001236721094899388,0.00028313063107515316,-0.0013293799682468632,0.015501284205484087,-0.0004887457214577857,-0.007213663709201136,-0.0016795087658776256,-0.00010512972167664557,0.00021862936260027736,-0.0011951368583920778,0.001960246387049187,0.0011453791720274701,0.002352605783417101,0.0005158491303526683,0.41551669330264746,5.97773337788137,0.3454780697406644,0.0001844930221332659,0.0
0.1635577433057996,0.01164510326571546,0.00020531264420319836,0.0011911978959172705,0.006016475781438957,0.03602885879486366,0.16663040084865913,-0.10659435155226,-0.021662600791103766,-0.0023474304654424387,5.715841772956691e-05,0.000544821522397333,-0.00012197960965760292,0.015863508800116145,0.02544404950954927,0.003796412376154319,0.0021573866968122688,-0.00012400683642103643,0.0001235347547436799,-0.0009873361967202236,0.0005985785523954765,-0.00037549620969821464,-0.00037296822993416925,-0.0008928141049418043,-0.1253654145113223,-0.011558628097725914,-0.0002337211660939861,0.0006740772743361156,0.006784799298658952,0.03283599343301667,0.21436251475757895,0.07835540063813712,0.019888044421069728,0.0020983131103000235,0.0001236721094899388,0.0002841306310751532,-0.0013293799682468632,0.015501284205484087,-0.0004887457214577857,-0.007213663709201136,-0.0016795087658776256,-0.00010512972167664557,0.00021862936260027736,-0.0011951368583920778,0.001960246387049187,0.0011453791720274701,0.002352605783417101,0.0005158491303526683,0.4155161236841026,5.97773202084231,0.3454781464773596,0.00018340913844656275,0.0
0.1635577433057996,0.01164510326571546,0.00020531264420319836,0.0011911978959172705,0.006016475781438957,0.03602885879486366,0.16663040084865913,-0.10659435155226,-0.021662600791103766,-0.0023474304654424387,5.715841772956691e-05,0.000544821522397333,-0.00012197960965760292,0.015863508800116145,0.02544404950954927,0.003796412376154319,0.0021573866968122688,-0.00012400683642103643,0.0001235347547436799,-0.0009873361967202236,0.0005985785523954765,-0.00037549620969821464,-0.00037296822993416925,-0.0008928141049418043,-0.1253654145113223,-0.011558628097725914,-0.0002337211660939861,0.0006740772743361156,0.006784799298658952,0.03283599343301667,0.21436251475757895,0.07835540063813712,0.019888044421069728,0.0020983131103000235,0.0001246721094899388,0.00028313063107515316,-0.0013293799682468632,0.015501284205484087,-0.0004887457214577857,-0.007213663709201136,-0.0016795087658776256,-0.00010512972167664557,0.00021862936260027736,-0.0011951368583920778,0.001960246387049187,0.0011453791720274701,0.002352605783417101,0.0005158491303526683,0.4155161044220208,5.9777318513594,0.3454617201722002,0.00018354757267787452,0.0
0.1635577433057996,0.01164510326571546,0.00020531264420319836,0.0011911978959172705,0.006016475781438957,0.03602885879486366,0.16663040084865913,-0.10659435155226,-0.021662600791103766,-0.0023474304654424387,5.715841772956691e-05,0.000544821522397333,-0.00012197960965760292,0.015863508800116145,0.02544404950954927,0.003796412376154319,0.0021573866968122688,-0.00012400683642103643,0.0001235347547436799,-0.0009873361967202236,0.0005985785523954765,-0.00037549620969821464,-0.00037296822993416925,-0.0008928141049418043,-0.1253654145113223,-0.011558628097725914,-0.0002337211660939861,0.0006740772743361156,0.006784799298658952,0.03283599343301667,0.21436251475757895,0.07835540063813712,0.019888044421069728,0.0020983131103000235,0.0001236721094899388,0.00028313063107515316,-0.0013293799682468632,0.015502834333904635,-0.0004887457214577857,-0.007213663709201136,-0.0016795087658776256,-0.00010512972167664557,0.00021862936260027736,-0.0011951368583920778,0.001960246387049187,0.0011453791720274701,0.002352605783417101,0.0005158491303526683,0.4155163233687444,5.9777310757189355,0.34546722666939567,0.0001832541428479999,0.0
0.1635577433057996,0.01164510326571546,0.00020531264420319836,0.0011911978959172705,0.006016475781438957,0.03602885879486366,0.16663040084865913,-0.10659435155226,-0.021662600791103766,-0.0023474304654424387,5.715841772956691e-05,0.000544821522397333,-0.00012197960965760292,0.015863508800116145,0.02544404950954927,0.003796412376154319,0.0021573866968122688,-0.00012400683642103643,0.0001235347547436799,-0.0009873361967202236,0.0005985785523954765,-0.00037549620969821464,-0.00037296822993416925,-0.0008928141049418043,-0.1253654145113223,-0.011558628097725914,-0.0002337211660939861,0.0006740772743361156,0.006784799298658952,0.03283599343301667,0.21436251475757895,0.07835540063813712,0.019888044421069728,0.0020983131103000235,0.0001236721094899388,0.00028313063107515316,-0.0013283799682468633,0.015501284205484087,-0.0004887457214577857,-0.007213663709201136,-0.0016795087658776256,-0.00010512972167664557,0.00021862936260027736,-0.0011951368583920778,0.001960246387049187,0.0011453791720274701,0.002352605783417101,0.0005158491303526683,0.41551626780399786,5.977733465994278,0.3454767600285394,0.0001834292122136752,0.0
0.1635577433057996,0.01164510326571546,0.00020531264420319836,0.0011911978959172705,0.006016475781438957,0.03602885879486366,0.16663040084865913,-0.10659435155226,-0.021662600791103766,-0.0023474304654424387,5.715841772956691e-05,0.000544821522397333,-0.00012197960965760292,0.015863508800116145,0.02544404950954927,0.003796412376154319,0.0021573866968122688,-0.00012400683642103643,0.0001235347547436799,-0.0009873361967202236,0.0005985785523954765,-0.00037549620969821464,-0.00037296822993416925,-0.0008928141049418043,-0.1253654145113223,-0.011558628097725914,-0.0002337211660939861,0.0006740772743361156,0.006784799298658952,0.03283599343301667,0.21436251475757895,0.07835540063813712,0.019888044421069728,0.0020983131103000235,0.0001236721094899388,0.00028313063107515316,-0.0013293799682468632,0.015501284205484087,-0.0004887457214577857,-0.0072126637092011356,-0.0016795087658776256,-0.00010512972167664557,0.00021862936260027736,-0.0011951368583920778,0.001960246387049187,0.0011453791720274701,0.002352605783417101,0.0005158491303526683,0.4155157149096035,5.977732340457574,0.3454748970426902,0.00018332606403029136,0.0
0.1635577433057996,0.01164510326571546,0.00020531264420319836,0.0011911978959172705,0.006016475781438957,0.03602885879486366,0.16663040084865913,-0.10659435155226,-0.021662600791103766,-0.0023474304654424387,5.715841772956691e-05,0.000544821522397333,-0.00012197960965760292,0.015863508800116145,0.02544404950954927,0.003796412376154319,0.0021573866968122688,-0.00012400683642103643,0.0001235347547436799,-0.0009873361967202236,0.0005985785523954765,-0.00037549620969821464,-0.00037296822993416925,-0.0008928141049418043,-0.1253654145113223,-0.011558628097725914,-0.0002337211660939861,0.0006740772743361156,0.006784799298658952,0.03283599343301667,0.21436251475757895,0.07835540063813712,0.019888044421069728,0.0020983131103000235,0.0001236721094899388,0.00028313063107515316,-0.0013293799682468632,0.015501284205484087,-0.0004877457214577857,-0.007213663709201136,-0.0016795087658776256,-0.00010512972167664557,0.00021862936260027736,-0.0011951368583920778,0.001960246387049187,0.0011453791720274701,0.002352605783417101,0.0005158491303526683,0.4155167179465268,5.977723157927361,0.3454736379546826,0.00018332156321958907,0.0
0.1635577433057996,0.01164510326571546,0.00020531264420319836,0.0011911978959172705,0.006016475781438957,0.03602885879486366,0.16663040084865913,-0.10659435155226,-0.021662600791103766,-0.0023474304654424387,5.715841772956691e-05,0.000544821522397333,-0.00012197960965760292,0.015863508800116145,0.02544404950954927,0.003796412376154319,0.0021573866968122688,-0.00012400683642103643,0.0001235347547436799,-0.0009873361967202236,0.0005985785523954765,-0.00037549620969821464,-0.00037296822993416925,-0.0008928141049418043,-0.1253654145113223,-0.011558628097725914,-0.0002337211660939861,0.0006740772743361156,0.006784799298658952,0.03283599343301667,0.21436251475757895,0.07835540063813712,0.019888044421069728,0.0020983131103000235,0.0001236721094899388,0.00028313063107515316,-0.0013293799682468632,0.015501284205484087,-0.0004887457214577857,-0.007213663709201136,-0.0016795087658776256,-0.00010412972167664557,0.00021862936260027736,-0.0011951368583920778,0.001960246387049187,0.0011453791720274701,0.002352605783417101,0.0005158491303526683,0.4155161074316138,5.977731818740203,0.3454773813635138,0.0001834171603540873,0.0
0.1635577433057996,0.01164510326571546,0.00020531264420319836,0.0011911978959172705,0.006016475781438957,0.03602885879486366,0.16663040084865913,-0.10659435155226,-0.021662600791103766,-0.0023474304654424387,5.715841772956691e-05,0.000544821522397333,-0.00012197960965760292,0.015863508800116145,0.02544404950954927,0.003796412376154319,0.0021573866968122688,-0.00012400683642103643,0.0001235347547436799,-0.0009873361967202236,0.0005985785523954765,-0.00037549620969821464,-0.00037296822993416925,-0.0008928141049418043,-0.1253654145113223,-0.011558628097725914,-0.0002337211660939861,0.0006740772743361156,0.006784799298658952,0.03283599343301667,0.21436251475757895,0.07835540063813712,0.019888044421069728,0.0020983131103000235,0.0001236721094899388,0.00028313063107515316,-0.0013293799682468632,0.015501284205484087,-0.0004887457214577857,-0.007213663709201136,-0.0016785087658776256,-0.00010512972167664557,0.00021862936260027736,-0.0011951368583920778,0.001960246387049187,0.0011453791720274701,0.002352605783417101,0.0005158491303526683,0.41551630353400154,5.977731854951593,0.345470885653729,0.00018350736133367036,0.0
0.1635577433057996,0.01164510326571546,0.00020531264420319836,0.0011911978959172705,0.006016475781438957,0.03602885879486366,0.16663040084865913,-0.10659435155226,-0.021662600791103766,-0.0023474304654424387,5.715841772956691e-05,0.000544821522397333,-0.00012197960965760292,0.015863508800116145,0.02544404950954927,0.003796412376154319,0.0021573866968122688,-0.00012400683642103643,0.0001235347547436799,-0.0009873361967202236,0.0005985785523954765,-0.00037549620969821464,-0.00037296822993416925,-0.0008928141049418043,-0.1253654145113223,-0.011558628097725914,-0.0002337211660939861,0.0006740772743361156,0.006784799298658952,0.03283599343301667,0.21436251475757895,0.07835540063813712,0.019888044421069728,0.0020983131103000235,0.0001236721094899388,0.00028313063107515316,-0.0013293799682468632,0.015501284205484087,-0.0004887457214577857,-0.007213663709201136,-0.0016795087658776256,-0.00010512972167664557,0.00021862936260027736,-0.0011941368583920778,0.001960246387049187,0.0011453791720274701,0.002352605783417101,0.0005158491303526683,0.41551605646726797,5.9777323145114885,0.3454811095226689,0.00018337181107180931,0.0
0.1635577433057996,0.01164510326571546,0.00020531264420319836,0.0011911978959172705,0.006016475781438957,0.03602885879486366,0.16663040084865913,-0.10659435155226,-0.021662600791103766,-0.0023474304654424387,5.715841772956691e-05,0.000544821522397333,-0.00012197960965760292,0.015863508800116145,0.02544404950954927,0.003796412376154319,0.0021573866968122688,-0.00012400683642103643,0.0001235347547436799,-0.0009873361967202236,0.0005985785523954765,-0.00037549620969821464,-0.00037296822993416925,-0.0008928141049418043,-0.1253654145113223,-0.011558628097725914,-0.0002337211660939861,0.0006740772743361156,0.006784799298658952,0.03283599343301667,0.21436251475757895,0.07835540063813712,0.019888044421069728,0.0020983131103000235,0.0001236721094899388,0.00028313063107515316,-0.0013293799682468632,0.015501284205484087,-0.0004887457214577857,-0.007213663709201136,-0.0016795087658776256,-0.00010512972167664557,0.00021962936260027735,-0.0011951368583920778,0.001960246387049187,0.0011453791720274701,0.002352605783417101,0.0005158491303526683,0.4155160629525642,5.977731731690706,0.34547640485747305,0.00018348758993004096,0.0
0.1635577433057996,0.01164510326571546,0.00020531264420319836,0.0011911978959172705,0.006016475781438957,0.03602885879486366,0.16663040084865913,-0.10659435155226,-0.021662600791103766,-0.0023474304654424387,5.715841772956691e-05,0.000544821522397333,-0.00012197960965760292,0.015863508800116145,0.02544404950954927,0.003796412376154319,0.0021573866968122688,-0.00012400683642103643,0.0001235347547436799,-0.0009873361967202236,0.0005985785523954765,-0.00037549620969821464,-0.00037296822993416925,-0.0008928141049418043,-0.1253654145113223,-0.011558628097725914,-0.0002337211660939861,0.0006740772743361156,0.006784799298658952,0.03283599343301667,0.21436251475757895,0.07835540063813712,0.019888044421069728,0.0020983131103000235,0.0001236721094899388,0.00028313063107515316,-0.0013293799682468632,0.015501284205484087,-0.0004887457214577857,-0.007213663709201136,-0.0016795087658776256,-0.00010512972167664557,0.00021862936260027736,-0.0011951368583920778,0.001960246387049187,0.00114637917202747,0.002352605783417101,0.0005158491303526683,0.4155126626163451,5.9777327254490285,0.3454941619550691,0.00018338387563583713,0.0
0.1635577433057996,0.01164510326571546,0.00020531264420319836,0.0011911978959172705,0.006016475781438957,0.03602885879486366,0.16663040084865913,-0.10659435155226,-0.021662600791103766,-0.0023474304654424387,5.715841772956691e-05,0.000544821522397333,-0.00012197960965760292,0.015863508800116145,0.02544404950954927,0.003796412376154319,0.0021573866968122688,-0.00012400683642103643,0.0001235347547436799,-0.0009873361967202236,0.0005985785523954765,-0.00037549620969821464,-0.00037296822993416925,-0.0008928141049418043,-0.1253654145113223,-0.011558628097725914,-0.0002337211660939861,0.0006740772743361156,0.006784799298658952,0.03283599343301667,0.21436251475757895,0.07835540063813712,0.019888044421069728,0.0020983131103000235,0.0001236721094899388,0.00028313063107515316,-0.0013293799682468632,0.015501284205484087,-0.0004887457214577857,-0.007213663709201136,-0.0016795087658776256,-0.00010512972167664557,0.00021862936260027736,-0.0011951368583920778,0.0019612463870491872,0.0011453791720274701,0.002352605783417101,0.0005158491303526683,0.41551551216204674,5.977732614042829,0.34548741568656577,0.00018341377173919864,0.0
0.1635577433057996,0.01164510326571546,0.00020531264420319836,0.0011911978959172705,0.006016475781438957,0.03602885879486366,0.16663040084865913,-0.10659435155226,-0.021662600791103766,-0.0023474304654424387,5.715841772956691e-05,0.000544821522397333,-0.00012197960965760292,0.015863508800116145,0.02544404950954927,0.003796412376154319,0.0021573866968122688,-0.00012400683642103643,0.0001235347547436799,-0.0009873361967202236,0.0005985785523954765,-0.00037549620969821464,-0.00037296822993416925,-0.0008928141049418043,-0.1253654145113223,-0.011558628097725914,-0.0002337211660939861,0.0006740772743361156,0.006784799298658952,0.03283599343301667,0.21436251475757895,0.07835540063813712,0.019888044421069728,0.0020983131103000235,0.0001236721094899388,0.00028313063107515316,-0.0013293799682468632,0.015501284205484087,-0.0004887457214577857,-0.007213663709201136,-0.0016795087658776256,-0.00010512972167664557,0.00021862936260027736,-0.0011951368583920778,0.001960246387049187,0.0011453791720274701,0.002352605783417101,0.0005168491303526683,0.41551655185633984,5.977731830394056,0.3454706446657044,0.00018349035973325113,0.0
0.1635577433057996,0.01164510326571546,0.00020531264420319836,0.0011911978959172705,0.006016475781438957,0.03602885879486366,0.16663040084865913,-0.10659435155226,-0.021662600791103766,-0.0023474304654424387,5.715841772956691e-05,0.000544821522397333,-0.00012197960965760292,0.015863508800116145,0.02544404950954927,0.003796412376154319,0.0021573866968122688,-0.00012400683642103643,0.0001235347547436799,-0.0009873361967202236,0.0005985785523954765,-0.00037549620969821464,-0.00037296822993416925,-0.0008928141049418043,-0.1253654145113223,-0.011558628097725914,-0.0002337211660939861,0.0006740772743361156,0.006784799298658952,0.03283599343301667,0.21436251475757895,0.07835540063813712,0.019888044421069728,0.0020983131103000235,0.0001236721094899388,0.00028313063107515316,-0.0013293799682468632,0.015501284205484087,-0.0004887457214577857,-0.007213663709201136,-0.0016795087658776256,-0.00010512972167664557,0.00021862936260027736,-0.0011951368583920778,0.001960246387049187,0.0011453791720274701,0.002353605783417101,0.0005158491303526683,0.4155195452049146,5.97773108996437,0.34544877539345004,0.00018338777122316289,0.0
0.1635517061446431,0.01164336759403243,0.00028667120264574806,0.0015129523099815443,0.0061222363252559624,0.03608177981693022,0.1666415049056407,-0.1066682134752552,-0.02164060648759821,-0.001972947057285434,0.00016178715744538053,0.0005610562852507529,-0.0001357924419362149,0.01589031359467387,0.0254781551673102,0.003728083773788076,0.0022406500959742726,-0.00010666009364902423,0.00013546492221201537,-0.0009923292187685913,0.0005478090283728211,-0.0005664557423661799,-0.0006579784621066128,-0.0008755254777172322,-0.1253661500462424,-0.01154457704340998,-0.0002820647681650355,0.000975374688276908,0.006579941663054486,0.03286538181762062,0.2142634115770147,0.07828414706546723,0.019891135774731235,0.002384942715859715,0.00028856767016973415,0.0002890252115175274,-0.001308568602770605,0.01557417054011258,-0.00043794435366292605,-0.007174864398944945,-0.0016023989785625946,-9.079453171965954e-05,0.0002423701654686702,-0.001216923976209748,0.0018774976044938895,0.0009970377045306377,0.0026448404268314316,0.000595608171085669,0.418888544503273,5.977860415367674,0.324022072927932,0.021814455957600558,0.0
0.1635517061446431,0.01164336759403243,0.00028667120264574806,0.0015129523099815443,0.0061222363252559624,0.03608177981693022,0.1666415049056407,-0.1066682134752552,-0.02164060648759821,-0.001972947057285434,0.00016178715744538053,0.0005610562852507529,-0.0001357924419362149,0.01589031359467387,0.0254781551673102,0.003728083773788076,0.0022406500959742726,-0.00010666009364902423,0.00013546492221201537,-0.0009923292187685913,0.0005478090283728211,-0.0005664557423661799,-0.0006579784621066128,-0.0008755254777172322,-0.1253661500462424,-0.01154457704340998,-0.0002820647681650355,0.000975374688276908,0.006579941663054486,0.03286538181762062,0.2142634115770147,0.07828414706546723,0.019891135774731235,0.002384942715859715,0.00028856767016973415,0.0002890252115175274,-0.001308568602770605,0.01557417054011258,-0.00043794435366292605,-0.007174864398944945,-0.0016023989785625946,-9.079453171965954e-05,0.0002423701654686702,-0.001216923976209748,0.0018774976044938895,0.0009970377045306377,0.0026448404268314316,0.000595608171085669,0.418888544503273,5.977860415367674,0.324022072927932,0.021814455957600558,0.0
0.1635517061446431,0.011644531930791834,0.00028667120264574806,0.0015129523099815443,0.0061222363252559624,0.03608177981693022,0.1666415049056407,-0.1066682134752552,-0.02164060648759821,-0.001972947057285434,0.00016178715744538053,0.0005610562852507529,-0.0001357924419362149,0.01589031359467387,0.0254781551673102,0.003728083773788076,0.0022406500959742726,-0.00010666009364902423,0.00013546492221201537,-0.0009923292187685913,0.0005478090283728211,-0.0005664557423661799,-0.0006579784621066128,-0.0008755254777172322,-0.1253661500462424,-0.01154457704340998,-0.0002820647681650355,0.000975374688276908,0.006579941663054486,0.03286538181762062,0.2142634115770147,0.07828414706546723,0.019891135774731235,0.002384942715859715,0.00028856767016973415,0.0002890252115175274,-0.001308568602770605,0.01557417054011258,-0.00043794435366292605,-0.007174864398944945,-0.0016023989785625946,-9.079453171965954e-05,0.0002423701654686702,-0.001216923976209748,0.0018774976044938895,0.0009970377045306377,0.0026448404268314316,0.000595608171085669,0.4188885181393324,5.977860396451407,0.3240220872292026,0.021816924534929907,0.0
0.16356806131525756,0.01164336759403243,0.00028667120264574806,0.0015129523099815443,0.0061222363252559624,0.03608177981693022,0.1666415049056407,-0.1066682134752552,-0.02164060648759821,-0.001972947057285434,0.00016178715744538053,0.0005610562852507529,-0.0001357924419362149,0.01589031359467387,0.0254781551673102,0.003728083773788076,0.0022406500959742726,-0.00010666009364902423,0.00013546492221201537,-0.0009923292187685913,0.0005478090283728211,-0.0005664557423661799,-0.0006579784621066128,-0.0008755254777172322,-0.1253661500462424,-0.01154457704340998,-0.0002820647681650355,0.000975374688276908,0.006579941663054486,0.03286538181762062,0.2142634115770147,0.07828414706546723,0.019891135774731235,0.002384942715859715,0.00028856767016973415,0.0002890252115175274,-0.001308568602770605,0.01557417054011258,-0.00043794435366292605,-0.007174864398944945,-0.0016023989785625946,-9.079453171965954e-05,0.0002423701654686702,-0.001216923976209748,0.0018774976044938895,0.0009970377045306377,0.0026448404268314316,0.000595608171085669,0.4188909085027167,5.977860823005193,0.32401944088994955,0.021814518675603845,0.0
0.1635517061446431,0.01164336759403243,0.00028667120264574806,0.0015139523099815442,0.0061222363252559624,0.03608177981693022,0.1666415049056407,-0.1066682134752552,-0.02164060648759821,-0.001972947057285434,0.00016178715744538053,0.0005610562852507529,-0.0001357924419362149,0.01589031359467387,0.0254781551673102,0.003728083773788076,0.0022406500959742726,-0.00010666009364902423,0.00013546492221201537,-0.0009923292187685913,0.0005478090283728211,-0.0005664557423661799,-0.0006579784621066128,-0.0008755254777172322,-0.1253661500462424,-0.01154457704340998,-0.0002820647681650355,0.000975374688276908,0.006579941663054486,0.03286538181762062,0.2142634115770147,0.07828414706546723,0.019891135774731235,0.002384942715859715,0.00028856767016973415,0.0002890252115175274,-0.001308568602770605,0.01557417054011258,-0.00043794435366292605,-0.007174864398944945,-0.0016023989785625946,-9.079453171965954e-05,0.0002423701654686702,-0.001216923976209748,0.0018774976044938895,0.0009970377045306377,0.0026448404268314316,0.000595608171085669,0.4188885297419379,5.977860485893027,0.3240020051741714,0.02184443713707094,0.0
0.1635517061446431,0.01164336759403243,0.0002876712026457481,0.0015129523099815443,0.0061222363252559624,0.03608177981693022,0.1666415049056407,-0.1066682134752552,-0.02164060648759821,-0.001972947057285434,0.00016178715744538053,0.0005610562852507529,-0.0001357924419362149,0.01589031359467387,0.0254781551673102,0.003728083773788076,0.0022406500959742726,-0.00010666009364902423,0.00013546492221201537,-0.0009923292187685913,0.0005478090283728211,-0.0005664557423661799,-0.0006579784621066128,-0.0008755254777172322,-0.1253661500462424,-0.01154457704340998,-0.0002820647681650355,0.000975374688276908,0.006579941663054486,0.03286538181762062,0.2142634115770147,0.07828414706546723,0.019891135774731235,0.002384942715859715,0.00028856767016973415,0.0002890252115175274,-0.001308568602770605,0.01557417054011258,-0.00043794435366292605,-0.007174864398944945,-0.0016023989785625946,-9.079453171965954e-05,0.0002423701654686702,-0.001216923976209748,0.0018774976044938895,0.0009970377045306377,0.0026448404268314316,0.000595608171085669,0.4188885492431893,5.9778604438188,0.3240077378064643,0.021817030132512752,0.0
0.1635517061446431,0.01164336759403243,0.00028667120264574806,0.0015129523099815443,0.0061222363252559624,0.03608538799491191,0.1666415049056407,-0.1066682134752552,-0.02164060648759821,-0.001972947057285434,0.00016178715744538053,0.0005610562852507529,-0.0001357924419362149,0.01589031359467387,0.0254781551673102,0.003728083773788076,0.0022406500959742726,-0.00010666009364902423,0.00013546492221201537,-0.0009923292187685913,0.0005478090283728211,-0.0005664557423661799,-0.0006579784621066128,-0.0008755254777172322,-0.1253661500462424,-0.01154457704340998,-0.0002820647681650355,0.000975374688276908,0.006579941663054486,0.03286538181762062,0.2142634115770147,0.07828414706546723,0.019891135774731235,0.002384942715859715,0.00028856767016973415,0.0002890252115175274,-0.001308568602770605,0.01557417054011258,-0.00043794435366292605,-0.007174864398944945,-0.0016023989785625946,-9.079453171965954e-05,0.0002423701654686702,-0.001216923976209748,0.0018774976044938895,0.0009970377045306377,0.0026448404268314316,0.000595608171085669,0.418887961228768,5.977860913037444,0.3238265083903388,0.021823649540825215,0.0
0.1635517061446431,0.01164336759403243,0.00028667120264574806,0.0015129523099815443,0.006123236325255963,0.03608177981693022,0.1666415049056407,-0.1066682134752552,-0.02164060648759821,-0.001972947057285434,0.00016178715744538053,0.0005610562852507529,-0.0001357924419362149,0.01589031359467387,0.0254781551673102,0.003728083773788076,0.0022406500959742726,-0.00010666009364902423,0.00013546492221201537,-0.0009923292187685913,0.0005478090283728211,-0.0005664557423661799,-0.0006579784621066128,-0.0008755254777172322,-0.1253661500462424,-0.01154457704340998,-0.0002820647681650355,0.000975374688276908,0.006579941663054486,0.03286538181762062,0.2142634115770147,0.07828414706546723,0.019891135774731235,0.002384942715859715,0.00028856767016973415,0.0002890252115175274,-0.001308568602770605,0.01557417054011258,-0.00043794435366292605,-0.007174864398944945,-0.0016023989785625946,-9.079453171965954e-05,0.0002423701654686702,-0.001216923976209748,0.0018774976044938895,0.0009970377045306377,0.0026448404268314316,0.000595608171085669,0.418888505683737,5.977860563698627,0.3240151349779836,0.021824544640067323,0.0
0.1635517061446431,0.01164336759403243,0.00028667120264574806,0.0015129523099815443,0.0061222363252559624,0.03608177981693022,0.1666415049056407,-0.10665754665390767,-0.02164060648759821,-0.001972947057285434,0.00016178715744538053,0.0005610562852507529,-0.0001357924419362149,0.01589031359467387,0.0254781551673102,0.003728083773788076,0.0022406500959742726,-0.00010666009364902423,0.00013546492221201537,-0.0009923292187685913,0.0005478090283728211,-0.0005664557423661799,-0.0006579784621066128,-0.0008755254777172322,-0.1253661500462424,-0.01154457704340998,-0.0002820647681650355,0.000975374688276908,0.006579941663054486,0.03286538181762062,0.2142634115770147,0.07828414706546723,0.019891135774731235,0.002384942715859715,0.00028856767016973415,0.0002890252115175274,-0.001308568602770605,0.01557417054011258,-0.00043794435366292605,-0.007174864398944945,-0.0016023989785625946,-9.079453171965954e-05,0.0002423701654686702,-0.001216923976209748,0.0018774976044938895,0.0009970377045306377,0.0026448404268314316,0.000595608171085669,0.4188556744694841,5.977824116392298,0.3234388868131705,0.021819075393648985,0.0
0.1635517061446431,0.01164336759403243,0.00028667120264574806,0.0015129523099815443,0.0061222363252559624,0.03608177981693022,0.16665816905613126,-0.1066682134752552,-0.02164060648759821,-0.001972947057285434,0.00016178715744538053,0.0005610562852507529,-0.0001357924419362149,0.01589031359467387,0.0254781551673102,0.003728083773788076,0.0022406500959742726,-0.00010666009364902423,0.00013546492221201537,-0.0009923292187685913,0.0005478090283728211,-0.0005664557423661799,-0.0006579784621066128,-0.0008755254777172322,-0.1253661500462424,-0.01154457704340998,-0.0002820647681650355,0.000975374688276908,0.006579941663054486,0.03286538181762062,0.2142634115770147,0.07828414706546723,0.019891135774731235,0.002384942715859715,0.00028856767016973415,0.0002890252115175274,-0.001308568602770605,0.01557417054011258,-0.00043794435366292605,-0.007174864398944945,-0.0016023989785625946,-9.079453171965954e-05,0.0002423701654686702,-0.001216923976209748,0.0018774976044938895,0.0009970377045306377,0.0026448404268314316,0.000595608171085669,0.418875388257724,5.977530487803038,0.3235824375575563,0.021814123731161428,0.0
0.1635517061446431,0.01164336759403243,0.00028667120264574806,0.0015129523099815443,0.0061222363252559624,0.03608177981693022,0.1666415049056407,-0.1066682134752552,-0.02164060648759821,-0.0019719470572854337,0.00016178715744538053,0.0005610562852507529,-0.0001357924419362149,0.01589031359467387,0.0254781551673102,0.003728083773788076,0.0022406500959742726,-0.00010666009364902423,0.00013546492221201537,-0.0009923292187685913,0.0005478090283728211,-0.0005664557423661799,-0.0006579784621066128,-0.0008755254777172322,-0.1253661500462424,-0.01154457704340998,-0.0002820647681650355,0.000975374688276908,0.006579941663054486,0.03286538181762062,0.2142634115770147,0.07828414706546723,0.019891135774731235,0.002384942715859715,0.00028856767016973415,0.0002890252115175274,-0.001308568602770605,0.01557417054011258,-0.00043794435366292605,-0.007174864398944945,-0.0016023989785625946,-9.079453171965954e-05,0.0002423701654686702,-0.001216923976209748,0.0018774976044938895,0.0009970377045306377,0.0026448404268314316,0.000595608171085669,0.41888857030785653,5.97786057576549,0.32401283932123554,0.021845478019626,0.0
0.1635517061446431,0.01164336759403243,0.00028667120264574806,0.0015129523099815443,0.0061222363252559624,0.03608177981693022,0.1666415049056407,-0.1066682134752552,-0.021638442426949452,-0.001972947057285434,0.00016178715744538053,0.0005610562852507529,-0.0001357924419362149,0.01589031359467387,0.0254781551673102,0.003728083773788076,0.0022406500959742726,-0.00010666009364902423,0.00013546492221201537,-0.0009923292187685913,0.0005478090283728211,-0.0005664557423661799,-0.0006579784621066128,-0.0008755254777172322,-0.1253661500462424,-0.01154457704340998,-0.0002820647681650355,0.000975374688276908,0.006579941663054486,0.03286538181762062,0.2142634115770147,0.07828414706546723,0.019891135774731235,0.002384942715859715,0.00028856767016973415,0.0002890252115175274,-0.001308568602770605,0.01557417054011258,-0.00043794435366292605,-0.007174864398944945,-0.0016023989785625946,-9.079453171965954e-05,0.0002423701654686702,-0.001216923976209748,0.0018774976044938895,0.0009970377045306377,0.0026448404268314316,0.000595608171085669,0.41888823679751125,5.977859378265662,0.32398414461907793,0.021822235645099327,0.0
0.1635517061446431,0.01164336759403243,0.00028667120264574806,0.0015129523099815443,0.0061222363252559624,0.03608177981693022,0.1666415049056407,-0.1066682134752552,-0.02164060648759821,-0.001972947057285434,0.00016178715744538053,0.0005620562852507529,-0.0001357924419362149,0.01589031359467387,0.0254781551673102,0.003728083773788076,0.0022406500959742726,-0.00010666009364902423,0.00013546492221201537,-0.0009923292187685913,0.0005478090283728211,-0.0005664557423661799,-0.0006579784621066128,-0.0008755254777172322,-0.1253661500462424,-0.01154457704340998,-0.0002820647681650355,0.000975374688276908,0.006579941663054486,0.03286538181762062,0.2142634115770147,0.07828414706546723,0.019891135774731235,0.002384942715859715,0.00028856767016973415,0.0002890252115175274,-0.001308568602770605,0.01557417054011258,-0.00043794435366292605,-0.007174864398944945,-0.0016023989785625946,-9.079453171965954e-05,0.0002423701654686702,-0.001216923976209748,0.0018774976044938895,0.0009970377045306377,0.0026448404268314316,0.000595608171085669,0.4188885632088919,5.9778607647032675,0.32402275903945227,0.021818169645490517,0.0
0.1635517061446431,0.01164336759403243,0.00028667120264574806,0.0015129523099815443,0.0061222363252559624,0.03608177981693022,0.1666415049056407,-0.1066682134752552,-0.02164060648759821,-0.001972947057285434,0.00016278715744538053,0.0005610562852507529,-0.0001357924419362149,0.01589031359467387,0.0254781551673102,0.003728083773788076,0.0022406500959742726,-0.00010666009364902423,0.00013546492221201537,-0.0009923292187685913,0.0005478090283728211,-0.0005664557423661799,-0.0006579784621066128,-0.0008755254777172322,-0.1253661500462424,-0.01154457704340998,-0.0002820647681650355,0.000975374688276908,0.006579941663054486,0.03286538181762062,0.2142634115770147,0.07828414706546723,0.019891135774731235,0.002384942715859715,0.00028856767016973415,0.0002890252115175274,-0.001308568602770605,0.01557417054011258,-0.00043794435366292605,-0.007174864398944945,-0.0016023989785625946,-9.079453171965954e-05,0.0002423701654686702,-0.001216923976209748,0.0018774976044938895,0.0009970377045306377,0.0026448404268314316,0.000595608171085669,0.41888855639551814,5.977860448290607,0.32400173890545275,0.02182382765283261,0.0
0.1635517061446431,0.01164336759403243,0.00028667120264574806,0.0015129523099815443,0.0061222363252559624,0.03608177981693022,0.1666415049056407,-0.1066682134752552,-0.02164060648759821,-0.001972947057285434,0.00016178715744538053,0.0005610562852507529,-0.0001357924419362149,0.015891902626033336,0.0254781551673102,0.003728083773788076,0.0022406500959742726,-0.00010666009364902423,0.00013546492221201537,-0.0009923292187685913,0.0005478090283728211,-0.0005664557423661799,-0.0006579784621066128,-0.0008755254777172322,-0.1253661500462424,-0.01154457704340998,-0.0002820647681650355,0.000975374688276908,0.006579941663054486,0.03286538181762062,0.2142634115770147,0.07828414706546723,0.019891135774731235,0.002384942715859715,0.00028856767016973415,0.0002890252115175274,-0.001308568602770605,0.01557417054011258,-0.00043794435366292605,-0.007174864398944945,-0.0016023989785625946,-9.079453171965954e-05,0.0002423701654686702,-0.001216923976209748,0.0018774976044938895,0.0009970377045306377,0.0026448404268314316,0.000595608171085669,0.41888897372360034,5.97786082907244,0.32401581139463564,0.021814245586595345,0.0
0.1635517061446431,0.01164336759403243,0.00028667120264574806,0.0015129523099815443,0.0061222363252559624,0.03608177981693022,0.1666415049056407,-0.1066682134752552,-0.02164060648759821,-0.001972947057285434,0.00016178715744538053,0.0005610562852507529,-0.0001347924419362149,0.01589031359467387,0.0254781551673102,0.003728083773788076,0.0022406500959742726,-0.00010666009364902423,0.00013546492221201537,-0.0009923292187685913,0.0005478090283728211,-0.0005664557423661799,-0.0006579784621066128,-0.0008755254777172322,-0.1253661500462424,-0.01154457704340998,-0.0002820647681650355,0.000975374688276908,0.006579941663054486,0.03286538181762062,0.2142634115770147,0.07828414706546723,0.019891135774731235,0.002384942715859715,0.00028856767016973415,0.0002890252115175274,-0.001308568602770605,0.01557417054011258,-0.00043794435366292605,-0.007174864398944945,-0.0016023989785625946,-9.079453171965954e-05,0.0002423701654686702,-0.001216923976209748,0.0018774976044938895,0.0009970377045306377,0.0026448404268314316,0.000595608171085669,0.4188886259093567,5.977862428261818,0.32401428149047523,0.02181336345382518,0.0
0.1635517061446431,0.01164336759403243,0.00028667120264574806,0.0015129523099815443,0.0061222363252559624,0.03608177981693022,0.1666415049056407,-0.1066682134752552,-0.02164060648759821,-0.001972947057285434,0.00016178715744538053,0.0005610562852507529,-0.0001357924419362149,0.01589031359467387,0.0254781551673102,0.003729083773788076,0.0022406500959742726,-0.00010666009364902423,0.00013546492221201537,-0.0009923292187685913,0.0005478090283728211,-0.0005664557423661799,-0.0006579784621066128,-0.0008755254777172322,-0.1253661500462424,-0.01154457704340998,-0.0002820647681650355,0.000975374688276908,0.006579941663054486,0.03286538181762062,0.2142634115770147,0.07828414706546723,0.019891135774731235,0.002384942715859715,0.00028856767016973415,0.0002890252115175274,-0.001308568602770605,0.01557417054011258,-0.00043794435366292605,-0.007174864398944945,-0.0016023989785625946,-9.079453171965954e-05,0.0002423701654686702,-0.001216923976209748,0.0018774976044938895,0.0009970377045306377,0.0026448404268314316,0.000595608171085669,0.418888228819351,5.977861024084266,0.3240235188385704,0.0218132133295721,0.0
0.1635517061446431,0.01164336759403243,0.00028667120264574806,0.0015129523099815443,0.0061222363252559624,0.03608177981693022,0.1666415049056407,-0.1066682134752552,-0.02164060648759821,-0.001972947057285434,0.00016178715744538053,0.0005610562852507529,-0.0001357924419362149,0.01589031359467387,0.025480702982826932,0.003728083773788076,0.0022406500959742726,-0.00010666009364902423,0.00013546492221201537,-0.0009923292187685913,0.0005478090283728211,-0.0005664557423661799,-0.0006579784621066128,-0.0008755254777172322,-0.1253661500462424,-0.01154457704340998,-0.0002820647681650355,0.000975374688276908,0.006579941663054486,0.03286538181762062,0.2142634115770147,0.07828414706546723,0.019891135774731235,0.002384942715859715,0.00028856767016973415,0.0002890252115175274,-0.001308568602770605,0.01557417054011258,-0.00043794435366292605,-0.007174864398944945,-0.0016023989785625946,-9.079453171965954e-05,0.0002423701654686702,-0.001216923976209748,0.0018774976044938895,0.0009970377045306377,0.0026448404268314316,0.000595608171085669,0.41889104708899594,5.977858672600394,0.3239862415824135,0.021814455137672748,0.0
0.1635517061446431,0.01164336759403243,0.00028667120264574806,0.0015129523099815443,0.0061222363252559624,0.03608177981693022,0.1666415049056407,-0.1066682134752552,-0.02164060648759821,-0.001972947057285434,0.00016178715744538053,0.0005610562852507529,-0.0001357924419362149,0.01589031359467387,0.0254781551673102,0.003728083773788076,0.0022406500959742726,-0.00010566009364902423,0.00013546492221201537,-0.0009923292187685913,0.0005478090283728211,-0.0005664557423661799,-0.0006579784621066128,-0.0008755254777172322,-0.1253661500462424,-0.01154457704340998,-0.0002820647681650355,0.000975374688276908,0.006579941663054486,0.03286538181762062,0.2142634115770147,0.07828414706546723,0.019891135774731235,0.002384942715859715,0.00028856767016973415,0.0002890252115175274,-0.001308568602770605,0.01557417054011258,-0.00043794435366292605,-0.007174864398944945,-0.0016023989785625946,-9.079453171965954e-05,0.0002423701654686702,-0.001216923976209748,0.0018774976044938895,0.0009970377045306377,0.0026448404268314316,0.000595608171085669,0.4188885357816933,5.977860474897849,0.3239961266246054,0.021816061514882697,0.0
0.1635517061446431,0.01164336759403243,0.00028667120264574806,0.0015129523099815443,0.0061222363252559624,0.03608177981693022,0.1666415049056407,-0.1066682134752552,-0.02164060648759821,-0.001972947057285434,0.00016178715744538053,0.0005610562852507529,-0.0001357924419362149,0.01589031359467387,0.0254781551673102,0.003728083773788076,0.0022416500959742728,-0.00010666009364902423,0.00013546492221201537,-0.0009923292187685913,0.0005478090283728211,-0.0005664557423661799,-0.0006579784621066128,-0.0008755254777172322,-0.1253661500462424,-0.01154457704340998,-0.0002820647681650355,0.000975374688276908,0.006579941663054486,0.03286538181762062,0.2142634115770147,0.07828414706546723,0.019891135774731235,0.002384942715859715,0.00028856767016973415,0.0002890252115175274,-0.001308568602770605,0.01557417054011258,-0.00043794435366292605,-0.007174864398944945,-0.0016023989785625946,-9.079453171965954e-05,0.0002423701654686702,-0.001216923976209748,0.0018774976044938895,0.0009970377045306377,0.0026448404268314316,0.000595608171085669,0.41888835937635094,5.977860157611629,0.32401535989426117,0.021817110614567373,0.0
0.1635517061446431,0.01164336759403243,0.00028667120264574806,0.0015129523099815443,0.0061222363252559624,0.03608177981693022,0.1666415049056407,-0.1066682134752552,-0.02164060648759821,-0.001972947057285434,0.00016178715744538053,0.0005610562852507529,-0.0001357924419362149,0.01589031359467387,0.0254781551673102,0.003728083773788076,0.0022406500959742726,-0.00010666009364902423,0.00013546492221201537,-0.0009913292187685913,0.0005478090283728211,-0.0005664557423661799,-0.0006579784621066128,-0.0008755254777172322,-0.1253661500462424,-0.01154457704340998,-0.0002820647681650355,0.000975374688276908,0.006579941663054486,0.03286538181762062,0.2142634115770147,0.07828414706546723,0.019891135774731235,0.002384942715859715,0.00028856767016973415,0.0002890252115175274,-0.001308568602770605,0.01557417054011258,-0.00043794435366292605,-0.007174864398944945,-0.0016023989785625946,-9.079453171965954e-05,0.0002423701654686702,-0.001216923976209748,0.0018774976044938895,0.0009970377045306377,0.0026448404268314316,0.000595608171085669,0.41888837395048967,5.977861050946825,0.32402063971550066,0.021815593977937517,0.0
0.1635517061446431,0.01164336759403243,0.00028667120264574806,0.0015129523099815443,0.0061222363252559624,0.03608177981693022,0.1666415049056407,-0.1066682134752552,-0.02164060648759821,-0.001972947057285434,0.00016178715744538053,0.0005610562852507529,-0.0001357924419362149,0.01589031359467387,0.0254781551673102,0.003728083773788076,0.0022406500959742726,-0.00010666009364902423,0.00013646492221201537,-0.0009923292187685913,0.0005478090283728211,-0.0005664557423661799,-0.0006579784621066128,-0.0008755254777172322,-0.1253661500462424,-0.01154457704340998,-0.0002820647681650355,0.000975374688276908,0.006579941663054486,0.03286538181762062,0.2142634115770147,0.07828414706546723,0.019891135774731235,0.002384942715859715,0.00028856767016973415,0.0002890252115175274,-0.001308568602770605,0.01557417054011258,-0.00043794435366292605,-0.007174864398944945,-0.0016023989785625946,-9.079453171965954e-05,0.0002423701654686702,-0.001216923976209748,0.0018774976044938895,0.0009970377045306377,0.0026448404268314316,0.000595608171085669,0.4188885196713495,5.977860318286395,0.32401400990048473,0.021815483327184484,0.0
0.1635517061446431,0.01164336759403243,0.00028667120264574806,0.0015129523099815443,0.0061222363252559624,0.03608177981693022,0.1666415049056407,-0.1066682134752552,-0.02164060648759821,-0.001972947057285434,0.00016178715744538053,0.0005610562852507529,-0.0001357924419362149,0.01589031359467387,0.0254781551673102,0.003728083773788076,0.0022406500959742726,-0.00010666009364902423,0.00013546492221201537,-0.0009923292187685913,0.0005478090283728211,-0.0005654557423661799,-0.0006579784621066128,-0.0008755254777172322,-0.1253661500462424,-0.01154457704340998,-0.0002820647681650355,0.000975374688276908,0.006579941663054486,0.03286538181762062,0.2142634115770147,0.07828414706546723,0.019891135774731235,0.002384942715859715,0.00028856767016973415,0.0002890252115175274,-0.001308568602770605,0.01557417054011258,-0.00043794435366292605,-0.007174864398944945,-0.0016023989785625946,-9.079453171965954e-05,0.0002423701654686702,-0.001216923976209748,0.0018774976044938895,0.0009970377045306377,0.0026448404268314316,0.000595608171085669,0.41888475649123164,5.977860622904588,0.32405379506690796,0.02181455811674108,0.0
0.1635517061446431,0.01164336759403243,0.00028667120264574806,0.0015129523099815443,0.0061222363252559624,0.03608177981693022,0.1666415049056407,-0.1066682134752552,-0.02164060648759821,-0.001972947057285434,0.00016178715744538053,0.0005610562852507529,-0.0001357924419362149,0.01589031359467387,0.0254781551673102,0.003728083773788076,0.0022406500959742726,-0.00010666009364902423,0.00013546492221201537,-0.0009923292187685913,0.0005488090283728212,-0.0005664557423661799,-0.0006579784621066128,-0.0008755254777172322,-0.1253661500462424,-0.01154457704340998,-0.0002820647681650355,0.000975374688276908,0.006579941663054486,0.03286538181762062,0.2142634115770147,0.07828414706546723,0.019891135774731235,0.002384942715859715,0.00028856767016973415,0.0002890252115175274,-0.001308568602770605,0.01557417054011258,-0.00043794435366292605,-0.007174864398944945,-0.0016023989785625946,-9.079453171965954e-05,0.0002423701654686702,-0.001216923976209748,0.0018774976044938895,0.0009970377045306377,0.0026448404268314316,0.000595608171085669,0.4188882517844222,5.97786080801095,0.32402750542042114,0.021814419748579807,0.0
0.1635517061446431,0.01164336759403243,0.00028667120264574806,0.0015129523099815443,0.0061222363252559624,0.03608177981693022,0.1666415049056407,-0.1066682134752552,-0.02164060648759821,-0.001972947057285434,0.00016178715744538053,0.0005610562852507529,-0.0001357924419362149,0.01589031359467387,0.0254781551673102,0.003728083773788076,0.0022406500959742726,-0.00010666009364902423,0.00013546492221201537,-0.0009923292187685913,0.0005478090283728211,-0.0005664557423661799,-0.0006579784621066128,-0.0008745254777172322,-0.1253661500462424,-0.01154457704340998,-0.0002820647681650355,0.000975374688276908,0.006579941663054486,0.03286538181762062,0.2142634115770147,0.07828414706546723,0.019891135774731235,0.002384942715859715,0.00028856767016973415,0.0002890252115175274,-0.001308568602770605,0.01557417054011258,-0.00043794435366292605,-0.007174864398944945,-0.0016023989785625946,-9.079453171965954e-05,0.0002423701654686702,-0.001216923976209748,0.0018774976044938895,0.0009970377045306377,0.0026448404268314316,0.000595608171085669,0.418888232488405,5.977860598053097,0.32401468731843036,0.02181592984687202,0.0
0.1635517061446431,0.01164336759403243,0.00028667120264574806,0.0015129523099815443,0.0061222363252559624,0.03608177981693022,0.1666415049056407,-0.1066682134752552,-0.02164060648759821,-0.001972947057285434,0.00016178715744538053,0.0005610562852507529,-0.0001357924419362149,0.01589031359467387,0.0254781551673102,0.003728083773788076,0.0022406500959742726,-0.00010666009364902423,0.00013546492221201537,-0.0009923292187685913,0.0005478090283728211,-0.0005664557423661799,-0.0006569784621066128,-0.0008755254777172322,-0.1253661500462424,-0.01154457704340998,-0.0002820647681650355,0.000975374688276908,0.006579941663054486,0.03286538181762062,0.2142634115770147,0.07828414706546723,0.019891135774731235,0.002384942715859715,0.00028856767016973415,0.0002890252115175274,-0.001308568602770605,0.01557417054011258,-0.00043794435366292605,-0.007174864398944945,-0.0016023989785625946,-9.079453171965954e-05,0.0002423701654686702,-0.001216923976209748,0.0018774976044938895,0.0009970377045306377,0.0026448404268314316,0.000595608171085669,0.4188860434199221,5.977859666190355,0.32405250369127236,0.021813879517014932,0.0
0.1635517061446431,0.01164336759403243,0.00028667120264574806,0.0015129523099815443,0.0061222363252559624,0.03608177981693022,0.1666415049056407,-0.1066682134752552,-0.02164060648759821,-0.001972947057285434,0.00016178715744538053,0.0005610562852507529,-0.0001357924419362149,0.01589031359467387,0.0254781551673102,0.003728083773788076,0.0022406500959742726,-0.00010666009364902423,0.00013546492221201537,-0.0009923292187685913,0.0005478090283728211,-0.0005664557423661799,-0.0006579784621066128,-0.0008755254777172322,-0.1253661500462424,-0.01154342258570564,-0.0002820647681650355,0.000975374688276908,0.006579941663054486,0.03286538181762062,0.2142634115770147,0.07828414706546723,0.019891135774731235,0.002384942715859715,0.00028856767016973415,0.0002890252115175274,-0.001308568602770605,0.01557417054011258,-0.00043794435366292605,-0.007174864398944945,-0.0016023989785625946,-9.079453171965954e-05,0.0002423701654686702,-0.001216923976209748,0.0018774976044938895,0.0009970377045306377,0.0026448404268314316,0.000595608171085669,0.41888859951058666,5.977860415367674,0.3240229020074875,0.021817115051706838,0.0
0.1635517061446431,0.01164336759403243,0.00028667120264574806,0.0015129523099815443,0.0061222363252559624,0.03608177981693022,0.1666415049056407,-0.1066682134752552,-0.02164060648759821,-0.001972947057285434,0.00016178715744538053,0.0005610562852507529,-0.0001357924419362149,0.01589031359467387,0.0254781551673102,0.003728083773788076,0.0022406500959742726,-0.00010666009364902423,0.00013546492221201537,-0.0009923292187685913,0.0005478090283728211,-0.0005664557423661799,-0.0006579784621066128,-0.0008755254777172322,-0.12535361343123777,-0.01154457704340998,-0.0002820647681650355,0.000975374688276908,0.006579941663054486,0.03286538181762062,0.2142634115770147,0.07828414706546723,0.019891135774731235,0.002384942715859715,0.00028856767016973415,0.0002890252115175274,-0.001308568602770605,0.01557417054011258,-0.00043794435366292605,-0.007174864398944945,-0.0016023989785625946,-9.079453171965954e-05,0.0002423701654686702,-0.001216923976209748,0.0018774976044938895,0.0009970377045306377,0.0026448404268314316,0.000595608171085669,0.4188871268889372,5.977860415367674,0.32403816204236724,0.021815020851889428,0.0
0.1635517061446431,0.01164336759403243,0.00028667120264574806,0.0015129523099815443,0.0061222363252559624,0.03608177981693022,0.1666415049056407,-0.1066682134752552,-0.02164060648759821,-0.001972947057285434,0.00016178715744538053,0.0005610562852507529,-0.0001357924419362149,0.01589031359467387,0.0254781551673102,0.003728083773788076,0.0022406500959742726,-0.00010666009364902423,0.00013546492221201537,-0.0009923292187685913,0.0005478090283728211,-0.0005664557423661799,-0.0006579784621066128,-0.0008755254777172322,-0.1253661500462424,-0.01154457704340998,-0.0002820647681650355,0.000976374688276908,0.006579941663054486,0.03286538181762062,0.2142634115770147,0.07828414706546723,0.019891135774731235,0.002384942715859715,0.00028856767016973415,0.0002890252115175274,-0.001308568602770605,0.01557417054011258,-0.00043794435366292605,-0.007174864398944945,-0.0016023989785625946,-9.079453171965954e-05,0.0002423701654686702,-0.001216923976209748,0.0018774976044938895,0.0009970377045306377,0.0026448404268314316,0.000595608171085669,0.4188885358253126,5.977860399607373,0.32404576140030733,0.021834668564999608,0.0
0.1635517061446431,0.01164336759403243,0.00028667120264574806,0.0015129523099815443,0.0061222363252559624,0.03608177981693022,0.1666415049056407,-0.1066682134752552,-0.02164060648759821,-0.001972947057285434,0.00016178715744538053,0.0005610562852507529,-0.0001357924419362149,0.01589031359467387,0.0254781551673102,0.003728083773788076,0.0022406500959742726,-0.00010666009364902423,0.00013546492221201537,-0.0009923292187685913,0.0005478090283728211,-0.0005664557423661799,-0.0006579784621066128,-0.0008755254777172322,-0.1253661500462424,-0.01154457704340998,-0.00028106476816503546,0.000975374688276908,0.006579941663054486,0.03286538181762062,0.2142634115770147,0.07828414706546723,0.019891135774731235,0.002384942715859715,0.00028856767016973415,0.0002890252115175274,-0.001308568602770605,0.01557417054011258,-0.00043794435366292605,-0.007174864398944945,-0.0016023989785625946,-9.079453171965954e-05,0.0002423701654686702,-0.001216923976209748,0.0018774976044938895,0.0009970377045306377,0.0026448404268314316,0.000595608171085669,0.4188885308797815,5.977860415367674,0.3240164815640676,0.02181310029677245,0.0
0.1635517061446431,0.01164336759403243,0.00028667120264574806,0.0015129523099815443,0.0061222363252559624,0.03608177981693022,0.1666415049056407,-0.1066682134752552,-0.02164060648759821,-0.001972947057285434,0.00016178715744538053,0.0005610562852507529,-0.0001357924419362149,0.01589031359467387,0.0254781551673102,0.003728083773788076,0.0022406500959742726,-0.00010666009364902423,0.00013546492221201537,-0.0009923292187685913,0.0005478090283728211,-0.0005664557423661799,-0.0006579784621066128,-0.0008755254777172322,-0.1253661500462424,-0.01154457704340998,-0.0002820647681650355,0.000975374688276908,0.006579941663054486,0.032868668355802384,0.2142634115770147,0.07828414706546723,0.019891135774731235,0.002384942715859715,0.00028856767016973415,0.0002890252115175274,-0.001308568602770605,0.01557417054011258,-0.00043794435366292605,-0.007174864398944945,-0.0016023989785625946,-9.079453171965954e-05,0.0002423701654686702,-0.001216923976209748,0.0018774976044938895,0.0009970377045306377,0.0026448404268314316,0.000595608171085669,0.41888848168970777,5.977856185613195,0.3238533131417266,0.021804835051823315,0.0
0.1635517061446431,0.01164336759403243,0.00028667120264574806,0.0015129523099815443,0.0061222363252559624,0.03608177981693022,0.1666415049056407,-0.1066682134752552,-0.02164060648759821,-0.001972947057285434,0.00016178715744538053,0.0005610562852507529,-0.0001357924419362149,0.01589031359467387,0.0254781551673102,0.003728083773788076,0.0022406500959742726,-0.00010666009364902423,0.00013546492221201537,-0.0009923292187685913,0.0005478090283728211,-0.0005664557423661799,-0.0006579784621066128,-0.0008755254777172322,-0.1253661500462424,-0.01154457704340998,-0.0002820647681650355,0.000975374688276908,0.006580941663054486,0.03286538181762062,0.2142634115770147,0.07828414706546723,0.019891135774731235,0.002384942715859715,0.00028856767016973415,0.0002890252115175274,-0.001308568602770605,0.01557417054011258,-0.00043794435366292605,-0.007174864398944945,-0.0016023989785625946,-9.079453171965954e-05,0.0002423701654686702,-0.001216923976209748,0.0018774976044938895,0.0009970377045306377,0.0026448404268314316,0.000595608171085669,0.41888853548802624,5.977860565170961,0.32402078645082183,0.021798107690280528,0.0
0.1635517061446431,0.01164336759403243,0.00028667120264574806,0.0015129523099815443,0.0061222363252559624,0.03608177981693022,0.1666415049056407,-0.1066682134752552,-0.02164060648759821,-0.001972947057285434,0.00016178715744538053,0.0005610562852507529,-0.0001357924419362149,0.01589031359467387,0.0254781551673102,0.003728083773788076,0.0022406500959742726,-0.00010666009364902423,0.00013546492221201537,-0.0009923292187685913,0.0005478090283728211,-0.0005664557423661799,-0.0006579784621066128,-0.0008755254777172322,-0.1253661500462424,-0.01154457704340998,-0.0002820647681650355,0.000975374688276908,0.006579941663054486,0.03286538181762062,0.2142634115770147,0.07829197548017378,0.019891135774731235,0.002384942715859715,0.00028856767016973415,0.0002890252115175274,-0.001308568602770605,0.01557417054011258,-0.00043794435366292605,-0.007174864398944945,-0.0016023989785625946,-9.079453171965954e-05,0.0002423701654686702,-0.001216923976209748,0.0018774976044938895,0.0009970377045306377,0.0026448404268314316,0.000595608171085669,0.4189092629395796,5.977972661444816,0.32353515033314,0.021819855557341568,0.0
0.1635517061446431,0.01164336759403243,0.00028667120264574806,0.0015129523099815443,0.0061222363252559624,0.03608177981693022,0.1666415049056407,-0.1066682134752552,-0.02164060648759821,-0.001972947057285434,0.00016178715744538053,0.0005610562852507529,-0.0001357924419362149,0.01589031359467387,0.0254781551673102,0.003728083773788076,0.0022406500959742726,-0.00010666009364902423,0.00013546492221201537,-0.0009923292187685913,0.0005478090283728211,-0.0005664557423661799,-0.0006579784621066128,-0.0008755254777172322,-0.1253661500462424,-0.01154457704340998,-0.0002820647681650355,0.000975374688276908,0.006579941663054486,0.03286538181762062,0.2142848379181724,0.07828414706546723,0.019891135774731235,0.002384942715859715,0.00028856767016973415,0.0002890252115175274,-0.001308568602770605,0.01557417054011258,-0.00043794435366292605,-0.007174864398944945,-0.0016023989785625946,-9.079453171965954e-05,0.0002423701654686702,-0.001216923976209748,0.0018774976044938895,0.0009970377045306377,0.0026448404268314316,0.000595608171085669,0.41884369652146725,5.97745281312762,0.32234159287236824,0.02181029510868012,0.0
0.1635517061446431,0.01164336759403243,0.00028667120264574806,0.0015129523099815443,0.0061222363252559624,0.03608177981693022,0.1666415049056407,-0.1066682134752552,-0.02164060648759821,-0.001972947057285434,0.00016178715744538053,0.0005610562852507529,-0.0001357924419362149,0.01589031359467387,0.0254781551673102,0.003728083773788076,0.0022406500959742726,-0.00010666009364902423,0.00013546492221201537,-0.0009923292187685913,0.0005478090283728211,-0.0005664557423661799,-0.0006579784621066128,-0.0008755254777172322,-0.1253661500462424,-0.01154457704340998,-0.0002820647681650355,0.000975374688276908,0.006579941663054486,0.03286538181762062,0.2142634115770147,0.07828414706546723,0.019891135774731235,0.002385942715859715,0.00028856767016973415,0.0002890252115175274,-0.001308568602770605,0.01557417054011258,-0.00043794435366292605,-0.007174864398944945,-0.0016023989785625946,-9.079453171965954e-05,0.0002423701654686702,-0.001216923976209748,0.0018774976044938895,0.0009970377045306377,0.0026448404268314316,0.000595608171085669,0.41888855815630227,5.977860205436025,0.32402436257952166,0.02184035587597688,0.0
0.1635517061446431,0.01164336759403243,0.00028667120264574806,0.0015129523099815443,0.0061222363252559624,0.03608177981693022,0.1666415049056407,-0.1066682134752552,-0.02164060648759821,-0.001972947057285434,0.00016178715744538053,0.0005610562852507529,-0.0001357924419362149,0.01589031359467387,0.0254781551673102,0.003728083773788076,0.0022406500959742726,-0.00010666009364902423,0.00013546492221201537,-0.0009923292187685913,0.0005478090283728211,-0.0005664557423661799,-0.0006579784621066128,-0.0008755254777172322,-0.1253661500462424,-0.01154457704340998,-0.0002820647681650355,0.000975374688276908,0.006579941663054486,0.03286538181762062,0.2142634115770147,0.07828414706546723,0.01989312488830871,0.002384942715859715,0.00028856767016973415,0.0002890252115175274,-0.001308568602770605,0.01557417054011258,-0.00043794435366292605,-0.007174864398944945,-0.0016023989785625946,-9.079453171965954e-05,0.0002423701654686702,-0.001216923976209748,0.0018774976044938895,0.0009970377045306377,0.0026448404268314316,0.000595608171085669,0.41888914750837664,5.97786203343398,0.32408991172871754,0.021823824450554953,0.0
0.1635517061446431,0.01164336759403243,0.00028667120264574806,0.0015129523099815443,0.0061222363252559624,0.03608177981693022,0.1666415049056407,-0.1066682134752552,-0.02164060648759821,-0.001972947057285434,0.00016178715744538053,0.0005610562852507529,-0.0001357924419362149,0.01589031359467387,0.0254781551673102,0.003728083773788076,0.0022406500959742726,-0.00010666009364902423,0.00013546492221201537,-0.0009923292187685913,0.0005478090283728211,-0.0005664557423661799,-0.0006579784621066128,-0.0008755254777172322,-0.1253661500462424,-0.01154457704340998,-0.0002820647681650355,0.000975374688276908,0.006579941663054486,0.03286538181762062,0.2142634115770147,0.07828414706546723,0.019891135774731235,0.002384942715859715,0.00028856767016973415,0.0002900252115175274,-0.001308568602770605,0.01557417054011258,-0.00043794435366292605,-0.007174864398944945,-0.0016023989785625946,-9.079453171965954e-05,0.0002423701654686702,-0.001216923976209748,0.0018774976044938895,0.0009970377045306377,0.0026448404268314316,0.000595608171085669,0.41888856464701485,5.977860672707084,0.32403708902710293,0.02182102009051125,0.0
0.1635517061446431,0.01164336759403243,0.00028667120264574806,0.0015129523099815443,0.0061222363252559624,0.03608177981693022,0.1666415049056407,-0.1066682134752552,-0.02164060648759821,-0.001972947057285434,0.00016178715744538053,0.0005610562852507529,-0.0001357924419362149,0.01589031359467387,0.0254781551673102,0.003728083773788076,0.0022406500959742726,-0.00010666009364902423,0.00013546492221201537,-0.0009923292187685913,0.0005478090283728211,-0.0005664557423661799,-0.0006579784621066128,-0.0008755254777172322,-0.1253661500462424,-0.01154457704340998,-0.0002820647681650355,0.000975374688276908,0.006579941663054486,0.03286538181762062,0.2142634115770147,0.07828414706546723,0.019891135774731235,0.002384942715859715,0.0002895676701697342,0.0002890252115175274,-0.001308568602770605,0.01557417054011258,-0.00043794435366292605,-0.007174864398944945,-0.0016023989785625946,-9.079453171965954e-05,0.0002423701654686702,-0.001216923976209748,0.0018774976044938895,0.0009970377045306377,0.0026448404268314316,0.000595608171085669,0.4188885262598055,5.977860496009057,0.32402845458568735,0.021823287309305692,0.0
0.1635517061446431,0.01164336759403243,0.00028667120264574806,0.0015129523099815443,0.0061222363252559624,0.03608177981693022,0.1666415049056407,-0.1066682134752552,-0.02164060648759821,-0.001972947057285434,0.00016178715744538053,0.0005610562852507529,-0.0001357924419362149,0.01589031359467387,0.0254781551673102,0.003728083773788076,0.0022406500959742726,-0.00010666009364902423,0.00013546492221201537,-0.0009923292187685913,0.0005478090283728211,-0.0005664557423661799,-0.0006579784621066128,-0.0008755254777172322,-0.1253661500462424,-0.01154457704340998,-0.0002820647681650355,0.000975374688276908,0.006579941663054486,0.03286538181762062,0.2142634115770147,0.07828414706546723,0.019891135774731235,0.002384942715859715,0.00028856767016973415,0.0002890252115175274,-0.001308568602770605,0.015575727957166592,-0.00043794435366292605,-0.007174864398944945,-0.0016023989785625946,-9.079453171965954e-05,0.0002423701654686702,-0.001216923976209748,0.0018774976044938895,0.0009970377045306377,0.0026448404268314316,0.000595608171085669,0.4188887470199589,5.977859721980871,0.3239934869541603,0.021815007523748788,0.0
0.1635517061446431,0.01164336759403243,0.00028667120264574806,0.0015129523099815443,0.0061222363252559624,0.03608177981693022,0.1666415049056407,-0.1066682134752552,-0.02164060648759821,-0.001972947057285434,0.00016178715744538053,0.0005610562852507529,-0.0001357924419362149,0.01589031359467387,0.0254781551673102,0.003728083773788076,0.0022406500959742726,-0.00010666009364902423,0.00013546492221201537,-0.0009923292187685913,0.0005478090283728211,-0.0005664557423661799,-0.0006579784621066128,-0.0008755254777172322,-0.1253661500462424,-0.01154457704340998,-0.0002820647681650355,0.000975374688276908,0.006579941663054486,0.03286538181762062,0.2142634115770147,0.07828414706546723,0.019891135774731235,0.002384942715859715,0.00028856767016973415,0.0002890252115175274,-0.0013075686027706052,0.01557417054011258,-0.00043794435366292605,-0.007174864398944945,-0.0016023989785625946,-9.079453171965954e-05,0.0002423701654686702,-0.001216923976209748,0.0018774976044938895,0.0009970377045306377,0.0026448404268314316,0.000595608171085669,0.4188886984268618,5.97786212505041,0.32401192285704367,0.021813182186104146,0.0
0.1635517061446431,0.01164336759403243,0.00028667120264574806,0.0015129523099815443,0.0061222363252559624,0.03608177981693022,0.1666415049056407,-0.1066682134752552,-0.02164060648759821,-0.001972947057285434,0.00016178715744538053,0.0005610562852507529,-0.0001357924419362149,0.01589031359467387,0.0254781551673102,0.003728083773788076,0.0022406500959742726,-0.00010666009364902423,0.00013546492221201537,-0.0009923292187685913,0.0005478090283728211,-0.0005664557423661799,-0.0006579784621066128,-0.0008755254777172322,-0.1253661500462424,-0.01154457704340998,-0.0002820647681650355,0.000975374688276908,0.006579941663054486,0.03286538181762062,0.2142634115770147,0.07828414706546723,0.019891135774731235,0.002384942715859715,0.00028856767016973415,0.0002890252115175274,-0.001308568602770605,0.01557417054011258,-0.00043794435366292605,-0.007173864398944945,-0.0016023989785625946,-9.079453171965954e-05,0.0002423701654686702,-0.001216923976209748,0.0018774976044938895,0.0009970377045306377,0.0026448404268314316,0.000595608171085669,0.4188881427541341,5.97786100651696,0.3240073848894895,0.021813622155718287,0.0
0.1635517061446431,0.01164336759403243,0.00028667120264574806,0.0015129523099815443,0.0061222363252559624,0.03608177981693022,0.1666415049056407,-0.1066682134752552,-0.02164060648759821,-0.001972947057285434,0.00016178715744538053,0.0005610562852507529,-0.0001357924419362149,0.01589031359467387,0.0254781551673102,0.003728083773788076,0.0022406500959742726,-0.00010666009364902423,0.00013546492221201537,-0.0009923292187685913,0.0005478090283728211,-0.0005664557423661799,-0.0006579784621066128,-0.0008755254777172322,-0.1253661500462424,-0.01154457704340998,-0.0002820647681650355,0.000975374688276908,0.006579941663054486,0.03286538181762062,0.2142634115770147,0.07828414706546723,0.019891135774731235,0.002384942715859715,0.00028856767016973415,0.0002890252115175274,-0.001308568602770605,0.01557417054011258,-0.000436944353662926,-0.007174864398944945,-0.0016023989785625946,-9.079453171965954e-05,0.0002423701654686702,-0.001216923976209748,0.0018774976044938895,0.0009970377045306377,0.0026448404268314316,0.000595608171085669,0.4188891378860066,5.977851798747949,0.32400368627953946,0.021814351603093196,0.0
0.1635517061446431,0.01164336759403243,0.00028667120264574806,0.0015129523099815443,0.0061222363252559624,0.03608177981693022,0.1666415049056407,-0.1066682134752552,-0.02164060648759821,-0.001972947057285434,0.00016178715744538053,0.0005610562852507529,-0.0001357924419362149,0.01589031359467387,0.0254781551673102,0.003728083773788076,0.0022406500959742726,-0.00010666009364902423,0.00013546492221201537,-0.0009923292187685913,0.0005478090283728211,-0.0005664557423661799,-0.0006579784621066128,-0.0008755254777172322,-0.1253661500462424,-0.01154457704340998,-0.0002820647681650355,0.000975374688276908,0.006579941663054486,0.03286538181762062,0.2142634115770147,0.07828414706546723,0.019891135774731235,0.002384942715859715,0.00028856767016973415,0.0002890252115175274,-0.001308568602770605,0.01557417054011258,-0.00043794435366292605,-0.007174864398944945,-0.0016023989785625946,-8.979453171965954e-05,0.0002423701654686702,-0.001216923976209748,0.0018774976044938895,0.0009970377045306377,0.0026448404268314316,0.000595608171085669,0.4188885530227535,5.977860474763219,0.3240296136722459,0.02181551113859404,0.0
0.1635517061446431,0.01164336759403243,0.00028667120264574806,0.0015129523099815443,0.0061222363252559624,0.03608177981693022,0.1666415049056407,-0.1066682134752552,-0.02164060648759821,-0.001972947057285434,0.00016178715744538053,0.0005610562852507529,-0.0001357924419362149,0.01589031359467387,0.0254781551673102,0.003728083773788076,0.0022406500959742726,-0.00010666009364902423,0.00013546492221201537,-0.0009923292187685913,0.0005478090283728211,-0.0005664557423661799,-0.0006579784621066128,-0.0008755254777172322,-0.1253661500462424,-0.01154457704340998,-0.0002820647681650355,0.000975374688276908,0.006579941663054486,0.03286538181762062,0.2142634115770147,0.07828414706546723,0.019891135774731235,0.002384942715859715,0.00028856767016973415,0.0002890252115175274,-0.001308568602770605,0.01557417054011258,-0.00043794435366292605,-0.007174864398944945,-0.0016013989785625946,-9.079453171965954e-05,0.0002423701654686702,-0.001216923976209748,0.0018774976044938895,0.0009970377045306377,0.0026448404268314316,0.000595608171085669,0.4188887400521385,5.977860500108381,0.32401920249785976,0.021816961247891623,0.0
0.1635517061446431,0.01164336759403243,0.00028667120264574806,0.0015129523099815443,0.0061222363252559624,0.03608177981693022,0.1666415049056407,-0.1066682134752552,-0.02164060648759821,-0.001972947057285434,0.00016178715744538053,0.0005610562852507529,-0.0001357924419362149,0.01589031359467387,0.0254781551673102,0.003728083773788076,0.0022406500959742726,-0.00010666009364902423,0.00013546492221201537,-0.0009923292187685913,0.0005478090283728211,-0.0005664557423661799,-0.0006579784621066128,-0.0008755254777172322,-0.1253661500462424,-0.01154457704340998,-0.0002820647681650355,0.000975374688276908,0.006579941663054486,0.03286538181762062,0.2142634115770147,0.07828414706546723,0.019891135774731235,0.002384942715859715,0.00028856767016973415,0.0002890252115175274,-0.001308568602770605,0.01557417054011258,-0.00043794435366292605,-0.007174864398944945,-0.0016023989785625946,-9.079453171965954e-05,0.0002423701654686702,-0.001215923976209748,0.0018774976044938895,0.0009970377045306377,0.0026448404268314316,0.000595608171085669,0.4188885075596669,5.977860967192338,0.32402916167878065,0.02181510501921369,0.0
0.1635517061446431,0.01164336759403243,0.00028667120264574806,0.0015129523099815443,0.0061222363252559624,0.03608177981693022,0.1666415049056407,-0.1066682134752552,-0.02164060648759821,-0.001972947057285434,0.00016178715744538053,0.0005610562852507529,-0.0001357924419362149,0.01589031359467387,0.0254781551673102,0.003728083773788076,0.0022406500959742726,-0.00010666009364902423,0.00013546492221201537,-0.0009923292187685913,0.0005478090283728211,-0.0005664557423661799,-0.0006579784621066128,-0.0008755254777172322,-0.1253661500462424,-0.01154457704340998,-0.0002820647681650355,0.000975374688276908,0.006579941663054486,0.03286538181762062,0.2142634115770147,0.07828414706546723,0.019891135774731235,0.002384942715859715,0.00028856767016973415,0.0002890252115175274,-0.001308568602770605,0.01557417054011258,-0.00043794435366292605,-0.007174864398944945,-0.0016023989785625946,-9.079453171965954e-05,0.0002433701654686702,-0.001216923976209748,0.0018774976044938895,0.0009970377045306377,0.0026448404268314316,0.000595608171085669,0.41888848136227813,5.977860382431185,0.32402921374053684,0.021815832101957408,0.0
0.1635517061446431,0.01164336759403243,0.00028667120264574806,0.0015129523099815443,0.0061222363252559624,0.03608177981693022,0.1666415049056407,-0.1066682134752552,-0.02164060648759821,-0.001972947057285434,0.00016178715744538053,0.0005610562852507529,-0.0001357924419362149,0.01589031359467387,0.0254781551673102,0.003728083773788076,0.0022406500959742726,-0.00010666009364902423,0.00013546492221201537,-0.0009923292187685913,0.0005478090283728211,-0.0005664557423661799,-0.0006579784621066128,-0.0008755254777172322,-0.1253661500462424,-0.01154457704340998,-0.0002820647681650355,0.000975374688276908,0.006579941663054486,0.03286538181762062,0.2142634115770147,0.07828414706546723,0.019891135774731235,0.002384942715859715,0.00028856767016973415,0.0002890252115175274,-0.001308568602770605,0.01557417054011258,-0.00043794435366292605,-0.007174864398944945,-0.0016023989785625946,-9.079453171965954e-05,0.0002423701654686702,-0.001216923976209748,0.0018774976044938895,0.0009980377045306376,0.0026448404268314316,0.000595608171085669,0.4188850711452599,5.977861423902035,0.3240536653997708,0.021814575331565996,0.0
0.1635517061446431,0.01164336759403243,0.00028667120264574806,0.0015129523099815443,0.0061222363252559624,0.03608177981693022,0.1666415049056407,-0.1066682134752552,-0.02164060648759821,-0.001972947057285434,0.00016178715744538053,0.0005610562852507529,-0.0001357924419362149,0.01589031359467387,0.0254781551673102,0.003728083773788076,0.0022406500959742726,-0.00010666009364902423,0.00013546492221201537,-0.0009923292187685913,0.0005478090283728211,-0.0005664557423661799,-0.0006579784621066128,-0.0008755254777172322,-0.1253661500462424,-0.01154457704340998,-0.0002820647681650355,0.000975374688276908,0.006579941663054486,0.03286538181762062,0.2142634115770147,0.07828414706546723,0.019891135774731235,0.002384942715859715,0.00028856767016973415,0.0002890252115175274,-0.001308568602770605,0.01557417054011258,-0.00043794435366292605,-0.007174864398944945,-0.0016023989785625946,-9.079453171965954e-05,0.0002423701654686702,-0.001216923976209748,0.0018784976044938894,0.0009970377045306377,0.0026448404268314316,0.000595608171085669,0.41888793609830755,5.9778612761912004,0.32403356569113356,0.02181396371788153,0.0
0.1635517061446431,0.01164336759403243,0.00028667120264574806,0.0015129523099815443,0.0061222363252559624,0.03608177981693022,0.1666415049056407,-0.1066682134752552,-0.02164060648759821,-0.001972947057285434,0.00016178715744538053,0.0005610562852507529,-0.0001357924419362149,0.01589031359467387,0.0254781551673102,0.003728083773788076,0.0022406500959742726,-0.00010666009364902423,0.00013546492221201537,-0.0009923292187685913,0.0005478090283728211,-0.0005664557423661799,-0.0006579784621066128,-0.0008755254777172322,-0.1253661500462424,-0.01154457704340998,-0.0002820647681650355,0.000975374688276908,0.006579941663054486,0.03286538181762062,0.2142634115770147,0.07828414706546723,0.019891135774731235,0.002384942715859715,0.00028856767016973415,0.0002890252115175274,-0.001308568602770605,0.01557417054011258,-0.00043794435366292605,-0.007174864398944945,-0.0016023989785625946,-9.079453171965954e-05,0.0002423701654686702,-0.001216923976209748,0.0018774976044938895,0.0009970377045306377,0.0026448404268314316,0.0005966081710856691,0.4188890186022449,5.97786047171588,0.32401605688095264,0.021815295946835758,0.0
0.1635517061446431,0.01164336759403243,0.00028667120264574806,0.0015129523099815443,0.0061222363252559624,0.03608177981693022,0.1666415049056407,-0.1066682134752552,-0.02164060648759821,-0.001972947057285434,0.00016178715744538053,0.0005610562852507529,-0.0001357924419362149,0.01589031359467387,0.0254781551673102,0.003728083773788076,0.0022406500959742726,-0.00010666009364902423,0.00013546492221201537,-0.0009923292187685913,0.0005478090283728211,-0.0005664557423661799,-0.0006579784621066128,-0.0008755254777172322,-0.1253661500462424,-0.01154457704340998,-0.0002820647681650355,0.000975374688276908,0.006579941663054486,0.03286538181762062,0.2142634115770147,0.07828414706546723,0.019891135774731235,0.002384942715859715,0.00028856767016973415,0.0002890252115175274,-0.001308568602770605,0.01557417054011258,-0.00043794435366292605,-0.007174864398944945,-0.0016023989785625946,-9.079453171965954e-05,0.0002423701654686702,-0.001216923976209748,0.0018774976044938895,0.0009970377045306377,0.0026458404268314317,0.000595608171085669,0.418892007371577,5.977859821465313,0.3239776284538296,0.021814067500390825,0.0
0.16355253582499713,0.011643013623614556,0.0003606832267553799,0.0016122426052558128,0.0061565291672319835,0.03636298290513387,0.1667783878494635,-0.1063842767532742,-0.021550190940160915,-0.0019300178963248546,0.00026571836591216376,0.0005568418770262802,-9.515053752740915e-05,0.01591084889239434,0.025551311674051707,0.0037208209313877765,0.0022752528298131845,2.7865836125220078e-05,0.00017717249506364176,-0.000985066358645813,0.0005195411948207433,-0.0007315989914931779,-0.0008162938192819453,-0.0008373706153107184,-0.12537283180679426,-0.011548698963740061,-0.000252860473372113,0.000849357604616068,0.006589258624880826,0.03313275293751091,0.21467160851714503,0.07860756692908259,0.01971308598901205,0.0023688323882154008,0.00025383794117020365,0.00021001915762773962,-0.0012556200702270827,0.015669542841959056,-0.000342386221658904,-0.007098362041909075,-0.0015878491211613296,-0.00013030115863743954,0.00020499240171804645,-0.0012538805789572846,0.0018177680898023838,0.0008326043302341695,0.0028762063050252243,0.0006267832506540976,0.4203531297847522,5.969578974234333,0.31573373131951354,0.02590304115785875,0.0
0.16355253582499713,0.011643013623614556,0.0003606832267553799,0.0016122426052558128,0.0061565291672319835,0.03636298290513387,0.1667783878494635,-0.1063842767532742,-0.021550190940160915,-0.0019300178963248546,0.00026571836591216376,0.0005568418770262802,-9.515053752740915e-05,0.01591084889239434,0.025551311674051707,0.0037208209313877765,0.0022752528298131845,2.7865836125220078e-05,0.00017717249506364176,-0.000985066358645813,0.0005195411948207433,-0.0007315989914931779,-0.0008162938192819453,-0.0008373706153107184,-0.12537283180679426,-0.011548698963740061,-0.000252860473372113,0.000849357604616068,0.006589258624880826,0.03313275293751091,0.21467160851714503,0.07860756692908259,0.01971308598901205,0.0023688323882154008,0.00025383794117020365,0.00021001915762773962,-0.0012556200702270827,0.015669542841959056,-0.000342386221658904,-0.007098362041909075,-0.0015878491211613296,-0.00013030115863743954,0.00020499240171804645,-0.0012538805789572846,0.0018177680898023838,0.0008326043302341695,0.0028762063050252243,0.0006267832506540976,0.4203531297847522,5.969578974234333,0.31573373131951354,0.02590304115785875,0.0
0.16356889107857964,0.011643013623614556,0.0003606832267553799,0.0016122426052558128,0.0061565291672319835,0.03636298290513387,0.1667783878494635,-0.1063842767532742,-0.021550190940160915,-0.0019300178963248546,0.00026571836591216376,0.0005568418770262802,-9.515053752740915e-05,0.01591084889239434,0.025551311674051707,0.0037208209313877765,0.0022752528298131845,2.7865836125220078e-05,0.00017717249506364176,-0.000985066358645813,0.0005195411948207433,-0.0007315989914931779,-0.0008162938192819453,-0.0008373706153107184,-0.12537283180679426,-0.011548698963740061,-0.000252860473372113,0.000849357604616068,0.006589258624880826,0.03313275293751091,0.21467160851714503,0.07860756692908259,0.01971308598901205,0.0023688323882154008,0.00025383794117020365,0.00021001915762773962,-0.0012556200702270827,0.015669542841959056,-0.000342386221658904,-0.007098362041909075,-0.0015878491211613296,-0.00013030115863743954,0.00020499240171804645,-0.0012538805789572846,0.0018177680898023838,0.0008326043302341695,0.0028762063050252243,0.0006267832506540976,0.4203554995748017,5.9695798019249615,0.31569512951342615,0.025904067779507003,0.0
0.16355253582499713,0.011644177924976918,0.0003606832267553799,0.0016122426052558128,0.0061565291672319835,0.03636298290513387,0.1667783878494635,-0.1063842767532742,-0.021550190940160915,-0.0019300178963248546,0.00026571836591216376,0.0005568418770262802,-9.515053752740915e-05,0.01591084889239434,0.025551311674051707,0.0037208209313877765,0.0022752528298131845,2.7865836125220078e-05,0.00017717249506364176,-0.000985066358645813,0.0005195411948207433,-0.0007315989914931779,-0.0008162938192819453,-0.0008373706153107184,-0.12537283180679426,-0.011548698963740061,-0.000252860473372113,0.000849357604616068,0.006589258624880826,0.03313275293751091,0.21467160851714503,0.07860756692908259,0.01971308598901205,0.0023688323882154008,0.00025383794117020365,0.00021001915762773962,-0.0012556200702270827,0.015669542841959056,-0.000342386221658904,-0.007098362041909075,-0.0015878491211613296,-0.00013030115863743954,0.00020499240171804645,-0.0012538805789572846,0.0018177680898023838,0.0008326043302341695,0.0028762063050252243,0.0006267832506540976,0.42035310972696244,5.9695789576931695,0.31573825354631113,0.025905225729501335,0.0
0.16355253582499713,0.011643013623614556,0.0003606832267553799,0.0016132426052558127,0.0061565291672319835,0.03636298290513387,0.1667783878494635,-0.1063842767532742,-0.021550190940160915,-0.0019300178963248546,0.00026571836591216376,0.0005568418770262802,-9.515053752740915e-05,0.01591084889239434,0.025551311674051707,0.0037208209313877765,0.0022752528298131845,2.7865836125220078e-05,0.00017717249506364176,-0.000985066358645813,0.0005195411948207433,-0.0007315989914931779,-0.0008162938192819453,-0.0008373706153107184,-0.12537283180679426,-0.011548698963740061,-0.000252860473372113,0.000849357604616068,0.006589258624880826,0.03313275293751091,0.21467160851714503,0.07860756692908259,0.01971308598901205,0.0023688323882154008,0.00025383794117020365,0.00021001915762773962,-0.0012556200702270827,0.015669542841959056,-0.000342386221658904,-0.007098362041909075,-0.0015878491211613296,-0.00013030115863743954,0.00020499240171804645,-0.0012538805789572846,0.0018177680898023838,0.0008326043302341695,0.0028762063050252243,0.0006267832506540976,0.4203530988139373,5.969579062279258,0.315717797995487,0.025936133473517302,0.0
0.16355253582499713,0.011643013623614556,0.00036168322675537995,0.0016122426052558128,0.0061565291672319835,0.03636298290513387,0.1667783878494635,-0.1063842767532742,-0.021550190940160915,-0.0019300178963248546,0.00026571836591216376,0.0005568418770262802,-9.515053752740915e-05,0.01591084889239434,0.025551311674051707,0.0037208209313877765,0.0022752528298131845,2.7865836125220078e-05,0.00017717249506364176,-0.000985066358645813,0.0005195411948207433,-0.0007315989914931779,-0.0008162938192819453,-0.0008373706153107184,-0.12537283180679426,-0.011548698963740061,-0.000252860473372113,0.000849357604616068,0.006589258624880826,0.03313275293751091,0.21467160851714503,0.07860756692908259,0.01971308598901205,0.0023688323882154008,0.00025383794117020365,0.00021001915762773962,-0.0012556200702270827,0.015669542841959056,-0.000342386221658904,-0.007098362041909075,-0.0015878491211613296,-0.00013030115863743954,0.00020499240171804645,-0.0012538805789572846,0.0018177680898023838,0.0008326043302341695,0.0028762063050252243,0.0006267832506540976,0.42035313400486196,5.969579003553447,0.3157203096314905,0.02590685439228983,0.0
0.16355253582499713,0.011643013623614556,0.0003606832267553799,0.0016122426052558128,0.0061565291672319835,0.036366619203424384,0.1667783878494635,-0.1063842767532742,-0.021550190940160915,-0.0019300178963248546,0.00026571836591216376,0.0005568418770262802,-9.515053752740915e-05,0.01591084889239434,0.025551311674051707,0.0037208209313877765,0.0022752528298131845,2.7865836125220078e-05,0.00017717249506364176,-0.000985066358645813,0.0005195411948207433,-0.0007315989914931779,-0.0008162938192819453,-0.0008373706153107184,-0.12537283180679426,-0.011548698963740061,-0.000252860473372113,0.000849357604616068,0.006589258624880826,0.03313275293751091,0.21467160851714503,0.07860756692908259,0.01971308598901205,0.0023688323882154008,0.00025383794117020365,0.00021001915762773962,-0.0012556200702270827,0.015669542841959056,-0.000342386221658904,-0.007098362041909075,-0.0015878491211613296,-0.00013030115863743954,0.00020499240171804645,-0.0012538805789572846,0.0018177680898023838,0.0008326043302341695,0.0028762063050252243,0.0006267832506540976,0.42035254750141704,5.9695793735598075,0.31571180256230663,0.02592366917252242,0.0
0.16355253582499713,0.011643013623614556,0.0003606832267553799,0.0016122426052558128,0.006157529167231984,0.03636298290513387,0.1667783878494635,-0.1063842767532742,-0.021550190940160915,-0.0019300178963248546,0.00026571836591216376,0.0005568418770262802,-9.515053752740915e-05,0.01591084889239434,0.025551311674051707,0.0037208209313877765,0.0022752528298131845,2.7865836125220078e-05,0.00017717249506364176,-0.000985066358645813,0.0005195411948207433,-0.0007315989914931779,-0.0008162938192819453,-0.0008373706153107184,-0.12537283180679426,-0.011548698963740061,-0.000252860473372113,0.000849357604616068,0.006589258624880826,0.03313275293751091,0.21467160851714503,0.07860756692908259,0.01971308598901205,0.0023688323882154008,0.00025383794117020365,0.00021001915762773962,-0.0012556200702270827,0.015669542841959056,-0.000342386221658904,-0.007098362041909075,-0.0015878491211613296,-0.00013030115863743954,0.00020499240171804645,-0.0012538805789572846,0.0018177680898023838,0.0008326043302341695,0.0028762063050252243,0.0006267832506540976,0.4203530928006829,5.969579118276679,0.3157106439557004,0.02591482058294063,0.0
0.16355253582499713,0.011643013623614556,0.0003606832267553799,0.0016122426052558128,0.0061565291672319835,0.03636298290513387,0.1667783878494635,-0.10637363832559887,-0.021550190940160915,-0.0019300178963248546,0.00026571836591216376,0.0005568418770262802,-9.515053752740915e-05,0.01591084889239434,0.025551311674051707,0.0037208209313877765,0.0022752528298131845,2.7865836125220078e-05,0.00017717249506364176,-0.000985066358645813,0.0005195411948207433,-0.0007315989914931779,-0.0008162938192819453,-0.0008373706153107184,-0.12537283180679426,-0.011548698963740061,-0.000252860473372113,0.000849357604616068,0.006589258624880826,0.03313275293751091,0.21467160851714503,0.07860756692908259,0.01971308598901205,0.0023688323882154008,0.00025383794117020365,0.00021001915762773962,-0.0012556200702270827,0.015669542841959056,-0.000342386221658904,-0.007098362041909075,-0.0015878491211613296,-0.00013030115863743954,0.00020499240171804645,-0.0012538805789572846,0.0018177680898023838,0.0008326043302341695,0.0028762063050252243,0.0006267832506540976,0.42032034572844074,5.969542571940278,0.3157276754008151,0.025942380082516748,0.0
0.16355253582499713,0.011643013623614556,0.0003606832267553799,0.0016122426052558128,0.0061565291672319835,0.03636298290513387,0.16679506568824845,-0.1063842767532742,-0.021550190940160915,-0.0019300178963248546,0.00026571836591216376,0.0005568418770262802,-9.515053752740915e-05,0.01591084889239434,0.025551311674051707,0.0037208209313877765,0.0022752528298131845,2.7865836125220078e-05,0.00017717249506364176,-0.000985066358645813,0.0005195411948207433,-0.0007315989914931779,-0.0008162938192819453,-0.0008373706153107184,-0.12537283180679426,-0.011548698963740061,-0.000252860473372113,0.000849357604616068,0.006589258624880826,0.03313275293751091,0.21467160851714503,0.07860756692908259,0.01971308598901205,0.0023688323882154008,0.00025383794117020365,0.00021001915762773962,-0.0012556200702270827,0.015669542841959056,-0.000342386221658904,-0.007098362041909075,-0.0015878491211613296,-0.00013030115863743954,0.00020499240171804645,-0.0012538805789572846,0.0018177680898023838,0.0008326043302341695,0.0028762063050252243,0.0006267832506540976,0.4203399186369403,5.969249546158716,0.31570209722173814,0.025927522604203314,0.0
0.16355253582499713,0.011643013623614556,0.0003606832267553799,0.0016122426052558128,0.0061565291672319835,0.03636298290513387,0.1667783878494635,-0.1063842767532742,-0.021550190940160915,-0.0019290178963248547,0.00026571836591216376,0.0005568418770262802,-9.515053752740915e-05,0.01591084889239434,0.025551311674051707,0.0037208209313877765,0.0022752528298131845,2.7865836125220078e-05,0.00017717249506364176,-0.000985066358645813,0.0005195411948207433,-0.0007315989914931779,-0.0008162938192819453,-0.0008373706153107184,-0.12537283180679426,-0.011548698963740061,-0.000252860473372113,0.000849357604616068,0.006589258624880826,0.03313275293751091,0.21467160851714503,0.07860756692908259,0.01971308598901205,0.0023688323882154008,0.00025383794117020365,0.00021001915762773962,-0.0012556200702270827,0.015669542841959056,-0.000342386221658904,-0.007098362041909075,-0.0015878491211613296,-0.00013030115863743954,0.00020499240171804645,-0.0012538805789572846,0.0018177680898023838,0.0008326043302341695,0.0028762063050252243,0.0006267832506540976,0.4203531611379257,5.969579136144514,0.31571805509739725,0.025936008889678428,0.0
0.16355253582499713,0.011643013623614556,0.0003606832267553799,0.0016122426052558128,0.0061565291672319835,0.03636298290513387,0.1667783878494635,-0.1063842767532742,-0.0215480359210669,-0.0019300178963248546,0.00026571836591216376,0.0005568418770262802,-9.515053752740915e-05,0.01591084889239434,0.025551311674051707,0.0037208209313877765,0.0022752528298131845,2.7865836125220078e-05,0.00017717249506364176,-0.000985066358645813,0.0005195411948207433,-0.0007315989914931779,-0.0008162938192819453,-0.0008373706153107184,-0.12537283180679426,-0.011548698963740061,-0.000252860473372113,0.000849357604616068,0.006589258624880826,0.03313275293751091,0.21467160851714503,0.07860756692908259,0.01971308598901205,0.0023688323882154008,0.00025383794117020365,0.00021001915762773962,-0.0012556200702270827,0.015669542841959056,-0.000342386221658904,-0.007098362041909075,-0.0015878491211613296,-0.00013030115863743954,0.00020499240171804645,-0.0012538805789572846,0.0018177680898023838,0.0008326043302341695,0.0028762063050252243,0.0006267832506540976,0.4203528731678934,5.969578003602916,0.315695092796961,0.025914363997003653,0.0
0.16355253582499713,0.011643013623614556,0.0003606832267553799,0.0016122426052558128,0.0061565291672319835,0.03636298290513387,0.1667783878494635,-0.1063842767532742,-0.021550190940160915,-0.0019300178963248546,0.00026571836591216376,0.0005578418770262803,-9.515053752740915e-05,0.01591084889239434,0.025551311674051707,0.0037208209313877765,0.0022752528298131845,2.7865836125220078e-05,0.00017717249506364176,-0.000985066358645813,0.0005195411948207433,-0.0007315989914931779,-0.0008162938192819453,-0.0008373706153107184,-0.12537283180679426,-0.011548698963740061,-0.000252860473372113,0.000849357604616068,0.006589258624880826,0.03313275293751091,0.21467160851714503,0.07860756692908259,0.01971308598901205,0.0023688323882154008,0.00025383794117020365,0.00021001915762773962,-0.0012556200702270827,0.015669542841959056,-0.000342386221658904,-0.007098362041909075,-0.0015878491211613296,-0.00013030115863743954,0.00020499240171804645,-0.0012538805789572846,0.0018177680898023838,0.0008326043302341695,0.0028762063050252243,0.0006267832506540976,0.4203531484950031,5.969579345048055,0.3157360505004813,0.0259072314523623,0.0
0.16355253582499713,0.011643013623614556,0.0003606832267553799,0.0016122426052558128,0.0061565291672319835,0.03636298290513387,0.1667783878494635,-0.1063842767532742,-0.021550190940160915,-0.0019300178963248546,0.0002667183659121638,0.0005568418770262802,-9.515053752740915e-05,0.01591084889239434,0.025551311674051707,0.0037208209313877765,0.0022752528298131845,2.7865836125220078e-05,0.00017717249506364176,-0.000985066358645813,0.0005195411948207433,-0.0007315989914931779,-0.0008162938192819453,-0.0008373706153107184,-0.12537283180679426,-0.011548698963740061,-0.000252860473372113,0.000849357604616068,0.006589258624880826,0.03313275293751091,0.21467160851714503,0.07860756692908259,0.01971308598901205,0.0023688323882154008,0.00025383794117020365,0.00021001915762773962,-0.0012556200702270827,0.015669542841959056,-0.000342386221658904,-0.007098362041909075,-0.0015878491211613296,-0.00013030115863743954,0.00020499240171804645,-0.0012538805789572846,0.0018177680898023838,0.0008326043302341695,0.0028762063050252243,0.0006267832506540976,0.4203531347122388,5.96957901537218,0.3157223285148945,0.02591527743333999,0.0
0.16355253582499713,0.011643013623614556,0.0003606832267553799,0.0016122426052558128,0.0061565291672319835,0.03636298290513387,0.1667783878494635,-0.1063842767532742,-0.021550190940160915,-0.0019300178963248546,0.00026571836591216376,0.0005568418770262802,-9.515053752740915e-05,0.01591243997728358,0.025551311674051707,0.0037208209313877765,0.0022752528298131845,2.7865836125220078e-05,0.00017717249506364176,-0.000985066358645813,0.0005195411948207433,-0.0007315989914931779,-0.0008162938192819453,-0.0008373706153107184,-0.12537283180679426,-0.011548698963740061,-0.000252860473372113,0.000849357604616068,0.006589258624880826,0.03313275293751091,0.21467160851714503,0.07860756692908259,0.01971308598901205,0.0023688323882154008,0.00025383794117020365,0.00021001915762773962,-0.0012556200702270827,0.015669542841959056,-0.000342386221658904,-0.007098362041909075,-0.0015878491211613296,-0.00013030115863743954,0.00020499240171804645,-0.0012538805789572846,0.0018177680898023838,0.0008326043302341695,0.0028762063050252243,0.0006267832506540976,0.4203535654815347,5.969579366982727,0.3157333304489035,0.025902760188241995,0.0
0.16355253582499713,0.011643013623614556,0.0003606832267553799,0.0016122426052558128,0.0061565291672319835,0.03636298290513387,0.1667783878494635,-0.1063842767532742,-0.021550190940160915,-0.0019300178963248546,0.00026571836591216376,0.0005568418770262802,-9.415053752740915e-05,0.01591084889239434,0.025551311674051707,0.0037208209313877765,0.0022752528298131845,2.7865836125220078e-05,0.00017717249506364176,-0.000985066358645813,0.0005195411948207433,-0.0007315989914931779,-0.0008162938192819453,-0.0008373706153107184,-0.12537283180679426,-0.011548698963740061,-0.000252860473372113,0.000849357604616068,0.006589258624880826,0.03313275293751091,0.21467160851714503,0.07860756692908259,0.01971308598901205,0.0023688323882154008,0.00025383794117020365,0.00021001915762773962,-0.0012556200702270827,0.015669542841959056,-0.000342386221658904,-0.007098362041909075,-0.0015878491211613296,-0.00013030115863743954,0.00020499240171804645,-0.0012538805789572846,0.0018177680898023838,0.0008326043302341695,0.0028762063050252243,0.0006267832506540976,0.420353224458387,5.969580979023239,0.3157329474748905,0.02590260448483238,0.0
0.16355253582499713,0.011643013623614556,0.0003606832267553799,0.0016122426052558128,0.0061565291672319835,0.03636298290513387,0.1667783878494635,-0.1063842767532742,-0.021550190940160915,-0.0019300178963248546,0.00026571836591216376,0.0005568418770262802,-9.515053752740915e-05,0.01591084889239434,0.025551311674051707,0.0037218209313877766,0.0022752528298131845,2.7865836125220078e-05,0.00017717249506364176,-0.000985066358645813,0.0005195411948207433,-0.0007315989914931779,-0.0008162938192819453,-0.0008373706153107184,-0.12537283180679426,-0.011548698963740061,-0.000252860473372113,0.000849357604616068,0.006589258624880826,0.03313275293751091,0.21467160851714503,0.07860756692908259,0.01971308598901205,0.0023688323882154008,0.00025383794117020365,0.00021001915762773962,-0.0012556200702270827,0.015669542841959056,-0.000342386221658904,-0.007098362041909075,-0.0015878491211613296,-0.00013030115863743954,0.00020499240171804645,-0.0012538805789572846,0.0018177680898023838,0.0008326043302341695,0.0028762063050252243,0.0006267832506540976,0.4203528038125212,5.96957957230059,0.3157330373950298,0.0259014160935676,0.0
0.16355253582499713,0.011643013623614556,0.0003606832267553799,0.0016122426052558128,0.0061565291672319835,0.03636298290513387,0.1667783878494635,-0.1063842767532742,-0.021550190940160915,-0.0019300178963248546,0.00026571836591216376,0.0005568418770262802,-9.515053752740915e-05,0.01591084889239434,0.02555386680521911,0.0037208209313877765,0.0022752528298131845,2.7865836125220078e-05,0.00017717249506364176,-0.000985066358645813,0.0005195411948207433,-0.0007315989914931779,-0.0008162938192819453,-0.0008373706153107184,-0.12537283180679426,-0.011548698963740061,-0.000252860473372113,0.000849357604616068,0.006589258624880826,0.03313275293751091,0.21467160851714503,0.07860756692908259,0.01971308598901205,0.0023688323882154008,0.00025383794117020365,0.00021001915762773962,-0.0012556200702270827,0.015669542841959056,-0.000342386221658904,-0.007098362041909075,-0.0015878491211613296,-0.00013030115863743954,0.00020499240171804645,-0.0012538805789572846,0.0018177680898023838,0.0008326043302341695,0.0028762063050252243,0.0006267832506540976,0.42035562718357633,5.969577166502919,0.3157252720778732,0.025903491453351937,0.0
0.16355253582499713,0.011643013623614556,0.0003606832267553799,0.0016122426052558128,0.0061565291672319835,0.03636298290513387,0.1667783878494635,-0.1063842767532742,-0.021550190940160915,-0.0019300178963248546,0.00026571836591216376,0.0005568418770262802,-9.515053752740915e-05,0.01591084889239434,0.025551311674051707,0.0037208209313877765,0.0022752528298131845,2.8865836125220078e-05,0.00017717249506364176,-0.000985066358645813,0.0005195411948207433,-0.0007315989914931779,-0.0008162938192819453,-0.0008373706153107184,-0.12537283180679426,-0.011548698963740061,-0.000252860473372113,0.000849357604616068,0.006589258624880826,0.03313275293751091,0.21467160851714503,0.07860756692908259,0.01971308598901205,0.0023688323882154008,0.00025383794117020365,0.00021001915762773962,-0.0012556200702270827,0.015669542841959056,-0.000342386221658904,-0.007098362041909075,-0.0015878491211613296,-0.00013030115863743954,0.00020499240171804645,-0.0012538805789572846,0.0018177680898023838,0.0008326043302341695,0.0028762063050252243,0.0006267832506540976,0.4203530810391851,5.9695790448504535,0.31572190033118674,0.02590631324803791,0.0
0.16355253582499713,0.011643013623614556,0.0003606832267553799,0.0016122426052558128,0.0061565291672319835,0.03636298290513387,0.1667783878494635,-0.1063842767532742,-0.021550190940160915,-0.0019300178963248546,0.00026571836591216376,0.0005568418770262802,-9.515053752740915e-05,0.01591084889239434,0.025551311674051707,0.0037208209313877765,0.0022762528298131846,2.7865836125220078e-05,0.00017717249506364176,-0.000985066358645813,0.0005195411948207433,-0.0007315989914931779,-0.0008162938192819453,-0.0008373706153107184,-0.12537283180679426,-0.011548698963740061,-0.000252860473372113,0.000849357604616068,0.006589258624880826,0.03313275293751091,0.21467160851714503,0.07860756692908259,0.01971308598901205,0.0023688323882154008,0.00025383794117020365,0.00021001915762773962,-0.0012556200702270827,0.015669542841959056,-0.000342386221658904,-0.007098362041909075,-0.0015878491211613296,-0.00013030115863743954,0.00020499240171804645,-0.0012538805789572846,0.0018177680898023838,0.0008326043302341695,0.0028762063050252243,0.0006267832506540976,0.420352949254111,5.969578726143246,0.31572548643742454,0.025905140970665253,0.0
0.16355253582499713,0.011643013623614556,0.0003606832267553799,0.0016122426052558128,0.0061565291672319835,0.03636298290513387,0.1667783878494635,-0.1063842767532742,-0.021550190940160915,-0.0019300178963248546,0.00026571836591216376,0.0005568418770262802,-9.515053752740915e-05,0.01591084889239434,0.025551311674051707,0.0037208209313877765,0.0022752528298131845,2.7865836125220078e-05,0.00017717249506364176,-0.0009840663586458132,0.0005195411948207433,-0.0007315989914931779,-0.0008162938192819453,-0.0008373706153107184,-0.12537283180679426,-0.011548698963740061,-0.000252860473372113,0.000849357604616068,0.006589258624880826,0.03313275293751091,0.21467160851714503,0.07860756692908259,0.01971308598901205,0.0023688323882154008,0.00025383794117020365,0.00021001915762773962,-0.0012556200702270827,0.015669542841959056,-0.000342386221658904,-0.007098362041909075,-0.0015878491211613296,-0.00013030115863743954,0.00020499240171804645,-0.0012538805789572846,0.0018177680898023838,0.0008326043302341695,0.0028762063050252243,0.0006267832506540976,0.42035295085700014,5.969579619833749,0.3157316183009629,0.025904443582130537,0.0
0.16355253582499713,0.011643013623614556,0.0003606832267553799,0.0016122426052558128,0.0061565291672319835,0.03636298290513387,0.1667783878494635,-0.1063842767532742,-0.021550190940160915,-0.0019300178963248546,0.00026571836591216376,0.0005568418770262802,-9.515053752740915e-05,0.01591084889239434,0.025551311674051707,0.0037208209313877765,0.0022752528298131845,2.7865836125220078e-05,0.00017817249506364176,-0.000985066358645813,0.0005195411948207433,-0.0007315989914931779,-0.0008162938192819453,-0.0008373706153107184,-0.12537283180679426,-0.011548698963740061,-0.000252860473372113,0.000849357604616068,0.006589258624880826,0.03313275293751091,0.21467160851714503,0.07860756692908259,0.01971308598901205,0.0023688323882154008,0.00025383794117020365,0.00021001915762773962,-0.0012556200702270827,0.015669542841959056,-0.000342386221658904,-0.007098362041909075,-0.0015878491211613296,-0.00013030115863743954,0.00020499240171804645,-0.0012538805789572846,0.0018177680898023838,0.0008326043302341695,0.0028762063050252243,0.0006267832506540976,0.4203530916909786,5.969578884709859,0.3157263936287438,0.02590464330643769,0.0
0.16355253582499713,0.011643013623614556,0.0003606832267553799,0.0016122426052558128,0.0061565291672319835,0.03636298290513387,0.1667783878494635,-0.1063842767532742,-0.021550190940160915,-0.0019300178963248546,0.00026571836591216376,0.0005568418770262802,-9.515053752740915e-05,0.01591084889239434,0.025551311674051707,0.0037208209313877765,0.0022752528298131845,2.7865836125220078e-05,0.00017717249506364176,-0.000985066358645813,0.0005195411948207433,-0.0007305989914931779,-0.0008162938192819453,-0.0008373706153107184,-0.12537283180679426,-0.011548698963740061,-0.000252860473372113,0.000849357604616068,0.006589258624880826,0.03313275293751091,0.21467160851714503,0.07860756692908259,0.01971308598901205,0.0023688323882154008,0.00025383794117020365,0.00021001915762773962,-0.0012556200702270827,0.015669542841959056,-0.000342386221658904,-0.007098362041909075,-0.0015878491211613296,-0.00013030115863743954,0.00020499240171804645,-0.0012538805789572846,0.0018177680898023838,0.0008326043302341695,0.0028762063050252243,0.0006267832506540976,0.4203493529903145,5.969579246595315,0.3157460401558934,0.025903327822603787,0.0
0.16355253582499713,0.011643013623614556,0.0003606832267553799,0.0016122426052558128,0.0061565291672319835,0.03636298290513387,0.1667783878494635,-0.1063842767532742,-0.021550190940160915,-0.0019300178963248546,0.00026571836591216376,0.0005568418770262802,-9.515053752740915e-05,0.01591084889239434,0.025551311674051707,0.0037208209313877765,0.0022752528298131845,2.7865836125220078e-05,0.00017717249506364176,-0.000985066358645813,0.0005205411948207433,-0.0007315989914931779,-0.0008162938192819453,-0.0008373706153107184,-0.12537283180679426,-0.011548698963740061,-0.000252860473372113,0.000849357604616068,0.006589258624880826,0.03313275293751091,0.21467160851714503,0.07860756692908259,0.01971308598901205,0.0023688323882154008,0.00025383794117020365,0.00021001915762773962,-0.0012556200702270827,0.015669542841959056,-0.000342386221658904,-0.007098362041909075,-0.0015878491211613296,-0.00013030115863743954,0.00020499240171804645,-0.0012538805789572846,0.0018177680898023838,0.0008326043302341695,0.0028762063050252243,0.0006267832506540976,0.4203528438456918,5.96957937884502,0.31573499755356466,0.025903016886294435,0.0
0.16355253582499713,0.011643013623614556,0.0003606832267553799,0.0016122426052558128,0.0061565291672319835,0.03636298290513387,0.1667783878494635,-0.1063842767532742,-0.021550190940160915,-0.0019300178963248546,0.00026571836591216376,0.0005568418770262802,-9.515053752740915e-05,0.01591084889239434,0.025551311674051707,0.0037208209313877765,0.0022752528298131845,2.7865836125220078e-05,0.00017717249506364176,-0.000985066358645813,0.0005195411948207433,-0.0007315989914931779,-0.0008162938192819453,-0.0008363706153107184,-0.12537283180679426,-0.011548698963740061,-0.000252860473372113,0.000849357604616068,0.006589258624880826,0.03313275293751091,0.21467160851714503,0.07860756692908259,0.01971308598901205,0.0023688323882154008,0.00025383794117020365,0.00021001915762773962,-0.0012556200702270827,0.015669542841959056,-0.000342386221658904,-0.007098362041909075,-0.0015878491211613296,-0.00013030115863743954,0.00020499240171804645,-0.0012538805789572846,0.0018177680898023838,0.0008326043302341695,0.0028762063050252243,0.0006267832506540976,0.4203528551553905,5.96957915523841,0.3157280509377229,0.025904865350009604,0.0
0.16355253582499713,0.011643013623614556,0.0003606832267553799,0.0016122426052558128,0.0061565291672319835,0.03636298290513387,0.1667783878494635,-0.1063842767532742,-0.021550190940160915,-0.0019300178963248546,0.00026571836591216376,0.0005568418770262802,-9.515053752740915e-05,0.01591084889239434,0.025551311674051707,0.0037208209313877765,0.0022752528298131845,2.7865836125220078e-05,0.00017717249506364176,-0.000985066358645813,0.0005195411948207433,-0.0007315989914931779,-0.0008152938192819453,-0.0008373706153107184,-0.12537283180679426,-0.011548698963740061,-0.000252860473372113,0.000849357604616068,0.006589258624880826,0.03313275293751091,0.21467160851714503,0.07860756692908259,0.01971308598901205,0.0023688323882154008,0.00025383794117020365,0.00021001915762773962,-0.0012556200702270827,0.015669542841959056,-0.000342386221658904,-0.007098362041909075,-0.0015878491211613296,-0.00013030115863743954,0.00020499240171804645,-0.0012538805789572846,0.0018177680898023838,0.0008326043302341695,0.0028762063050252243,0.0006267832506540976,0.42035066343389893,5.969578148759796,0.3157465268514291,0.025902585293925327,0.0
0.16355253582499713,0.011643013623614556,0.0003606832267553799,0.0016122426052558128,0.0061565291672319835,0.03636298290513387,0.1667783878494635,-0.1063842767532742,-0.021550190940160915,-0.0019300178963248546,0.00026571836591216376,0.0005568418770262802,-9.515053752740915e-05,0.01591084889239434,0.025551311674051707,0.0037208209313877765,0.0022752528298131845,2.7865836125220078e-05,0.00017717249506364176,-0.000985066358645813,0.0005195411948207433,-0.0007315989914931779,-0.0008162938192819453,-0.0008373706153107184,-0.12537283180679426,-0.011547544093843688,-0.000252860473372113,0.000849357604616068,0.006589258624880826,0.03313275293751091,0.21467160851714503,0.07860756692908259,0.01971308598901205,0.0023688323882154008,0.00025383794117020365,0.00021001915762773962,-0.0012556200702270827,0.015669542841959056,-0.000342386221658904,-0.007098362041909075,-0.0015878491211613296,-0.00013030115863743954,0.00020499240171804645,-0.0012538805789572846,0.0018177680898023838,0.0008326043302341695,0.0028762063050252243,0.0006267832506540976,0.4203531817237806,5.969578974234333,0.3157352974592745,0.025905893606938013,0.0
0.16355253582499713,0.011643013623614556,0.0003606832267553799,0.0016122426052558128,0.0061565291672319835,0.03636298290513387,0.1667783878494635,-0.1063842767532742,-0.021550190940160915,-0.0019300178963248546,0.00026571836591216376,0.0005568418770262802,-9.515053752740915e-05,0.01591084889239434,0.025551311674051707,0.0037208209313877765,0.0022752528298131845,2.7865836125220078e-05,0.00017717249506364176,-0.000985066358645813,0.0005195411948207433,-0.0007315989914931779,-0.0008162938192819453,-0.0008373706153107184,-0.12536029452361358,-0.011548698963740061,-0.000252860473372113,0.000849357604616068,0.006589258624880826,0.03313275293751091,0.21467160851714503,0.07860756692908259,0.01971308598901205,0.0023688323882154008,0.00025383794117020365,0.00021001915762773962,-0.0012556200702270827,0.015669542841959056,-0.000342386221658904,-0.007098362041909075,-0.0015878491211613296,-0.00013030115863743954,0.00020499240171804645,-0.0012538805789572846,0.0018177680898023838,0.0008326043302341695,0.0028762063050252243,0.0006267832506540976,0.4203517060024404,5.969578974234333,0.3157283422147691,0.02590338311643083,0.0
0.16355253582499713,0.011643013623614556,0.0003606832267553799,0.0016122426052558128,0.0061565291672319835,0.03636298290513387,0.1667783878494635,-0.1063842767532742,-0.021550190940160915,-0.0019300178963248546,0.00026571836591216376,0.0005568418770262802,-9.515053752740915e-05,0.01591084889239434,0.025551311674051707,0.0037208209313877765,0.0022752528298131845,2.7865836125220078e-05,0.00017717249506364176,-0.000985066358645813,0.0005195411948207433,-0.0007315989914931779,-0.0008162938192819453,-0.0008373706153107184,-0.12537283180679426,-0.011548698963740061,-0.000252860473372113,0.000850357604616068,0.006589258624880826,0.03313275293751091,0.21467160851714503,0.07860756692908259,0.01971308598901205,0.0023688323882154008,0.00025383794117020365,0.00021001915762773962,-0.0012556200702270827,0.015669542841959056,-0.000342386221658904,-0.007098362041909075,-0.0015878491211613296,-0.00013030115863743954,0.00020499240171804645,-0.0012538805789572846,0.0018177680898023838,0.0008326043302341695,0.0028762063050252243,0.0006267832506540976,0.42035313983951367,5.969578952045749,0.3157459198844418,0.025920524495057214,0.0
0.16355253582499713,0.011643013623614556,0.0003606832267553799,0.0016122426052558128,0.0061565291672319835,0.03636298290513387,0.1667783878494635,-0.1063842767532742,-0.021550190940160915,-0.0019300178963248546,0.00026571836591216376,0.0005568418770262802,-9.515053752740915e-05,0.01591084889239434,0.025551311674051707,0.0037208209313877765,0.0022752528298131845,2.7865836125220078e-05,0.00017717249506364176,-0.000985066358645813,0.0005195411948207433,-0.0007315989914931779,-0.0008162938192819453,-0.0008373706153107184,-0.12537283180679426,-0.011548698963740061,-0.00025186047337211296,0.000849357604616068,0.006589258624880826,0.03313275293751091,0.21467160851714503,0.07860756692908259,0.01971308598901205,0.0023688323882154008,0.00025383794117020365,0.00021001915762773962,-0.0012556200702270827,0.015669542841959056,-0.000342386221658904,-0.007098362041909075,-0.0015878491211613296,-0.00013030115863743954,0.00020499240171804645,-0.0012538805789572846,0.0018177680898023838,0.0008326043302341695,0.0028762063050252243,0.0006267832506540976,0.4203531092152966,5.969578974234333,0.31573097972045694,0.025902412893160694,0.0
0.16355253582499713,0.011643013623614556,0.0003606832267553799,0.0016122426052558128,0.0061565291672319835,0.03636298290513387,0.1667783878494635,-0.1063842767532742,-0.021550190940160915,-0.0019300178963248546,0.00026571836591216376,0.0005568418770262802,-9.515053752740915e-05,0.01591084889239434,0.025551311674051707,0.0037208209313877765,0.0022752528298131845,2.7865836125220078e-05,0.00017717249506364176,-0.000985066358645813,0.0005195411948207433,-0.0007315989914931779,-0.0008162938192819453,-0.0008373706153107184,-0.12537283180679426,-0.011548698963740061,-0.000252860473372113,0.000849357604616068,0.006589258624880826,0.03313606621280466,0.21467160851714503,0.07860756692908259,0.01971308598901205,0.0023688323882154008,0.00025383794117020365,0.00021001915762773962,-0.0012556200702270827,0.015669542841959056,-0.000342386221658904,-0.007098362041909075,-0.0015878491211613296,-0.00013030115863743954,0.00020499240171804645,-0.0012538805789572846,0.0018177680898023838,0.0008326043302341695,0.0028762063050252243,0.0006267832506540976,0.42035307924557,5.9695746262658895,0.3157583310336917,0.025899963784664852,0.0
0.16355253582499713,0.011643013623614556,0.0003606832267553799,0.0016122426052558128,0.0061565291672319835,0.03636298290513387,0.1667783878494635,-0.1063842767532742,-0.021550190940160915,-0.0019300178963248546,0.00026571836591216376,0.0005568418770262802,-9.515053752740915e-05,0.01591084889239434,0.025551311674051707,0.0037208209313877765,0.0022752528298131845,2.7865836125220078e-05,0.00017717249506364176,-0.000985066358645813,0.0005195411948207433,-0.0007315989914931779,-0.0008162938192819453,-0.0008373706153107184,-0.12537283180679426,-0.011548698963740061,-0.000252860473372113,0.000849357604616068,0.006590258624880826,0.03313275293751091,0.21467160851714503,0.07860756692908259,0.01971308598901205,0.0023688323882154008,0.00025383794117020365,0.00021001915762773962,-0.0012556200702270827,0.015669542841959056,-0.000342386221658904,-0.007098362041909075,-0.0015878491211613296,-0.00013030115863743954,0.00020499240171804645,-0.0012538805789572846,0.0018177680898023838,0.0008326043302341695,0.0028762063050252243,0.0006267832506540976,0.42035311693718,5.9695791240947145,0.3157263115462042,0.025886382027474675,0.0
0.16355253582499713,0.011643013623614556,0.0003606832267553799,0.0016122426052558128,0.0061565291672319835,0.03636298290513387,0.1667783878494635,-0.1063842767532742,-0.021550190940160915,-0.0019300178963248546,0.00026571836591216376,0.0005568418770262802,-9.515053752740915e-05,0.01591084889239434,0.025551311674051707,0.0037208209313877765,0.0022752528298131845,2.7865836125220078e-05,0.00017717249506364176,-0.000985066358645813,0.0005195411948207433,-0.0007315989914931779,-0.0008162938192819453,-0.0008373706153107184,-0.12537283180679426,-0.011548698963740061,-0.000252860473372113,0.000849357604616068,0.006589258624880826,0.03313275293751091,0.21467160851714503,0.07861542768577551,0.01971308598901205,0.0023688323882154008,0.00025383794117020365,0.00021001915762773962,-0.0012556200702270827,0.015669542841959056,-0.000342386221658904,-0.007098362041909075,-0.0015878491211613296,-0.00013030115863743954,0.00020499240171804645,-0.0012538805789572846,0.0018177680898023838,0.0008326043302341695,0.0028762063050252243,0.0006267832506540976,0.4203740959286207,5.96969097643991,0.3156746693924528,0.025925258476546822,0.0
0.16355253582499713,0.011643013623614556,0.0003606832267553799,0.0016122426052558128,0.0061565291672319835,0.03636298290513387,0.1667783878494635,-0.1063842767532742,-0.021550190940160915,-0.0019300178963248546,0.00026571836591216376,0.0005568418770262802,-9.515053752740915e-05,0.01591084889239434,0.025551311674051707,0.0037208209313877765,0.0022752528298131845,2.7865836125220078e-05,0.00017717249506364176,-0.000985066358645813,0.0005195411948207433,-0.0007315989914931779,-0.0008162938192819453,-0.0008373706153107184,-0.12537283180679426,-0.011548698963740061,-0.000252860473372113,0.000849357604616068,0.006589258624880826,0.03313275293751091,0.21469307567799675,0.07860756692908259,0.01971308598901205,0.0023688323882154008,0.00025383794117020365,0.00021001915762773962,-0.0012556200702270827,0.015669542841959056,-0.000342386221658904,-0.007098362041909075,-0.0015878491211613296,-0.00013030115863743954,0.00020499240171804645,-0.0012538805789572846,0.0018177680898023838,0.0008326043302341695,0.0028762063050252243,0.0006267832506540976,0.42030794817202893,5.969172256833974,0.3158084156815546,0.02587748080516384,0.0
0.16355253582499713,0.011643013623614556,0.0003606832267553799,0.0016122426052558128,0.0061565291672319835,0.03636298290513387,0.1667783878494635,-0.1063842767532742,-0.021550190940160915,-0.0019300178963248546,0.00026571836591216376,0.0005568418770262802,-9.515053752740915e-05,0.01591084889239434,0.025551311674051707,0.0037208209313877765,0.0022752528298131845,2.7865836125220078e-05,0.00017717249506364176,-0.000985066358645813,0.0005195411948207433,-0.0007315989914931779,-0.0008162938192819453,-0.0008373706153107184,-0.12537283180679426,-0.011548698963740061,-0.000252860473372113,0.000849357604616068,0.006589258624880826,0.03313275293751091,0.21467160851714503,0.07860756692908259,0.01971308598901205,0.002369832388215401,0.00025383794117020365,0.00021001915762773962,-0.0012556200702270827,0.015669542841959056,-0.000342386221658904,-0.007098362041909075,-0.0015878491211613296,-0.00013030115863743954,0.00020499240171804645,-0.0012538805789572846,0.0018177680898023838,0.0008326043302341695,0.0028762063050252243,0.0006267832506540976,0.42035314255215445,5.969578765629551,0.3157373792484517,0.02592987736169822,0.0
0.16355253582499713,0.011643013623614556,0.0003606832267553799,0.0016122426052558128,0.0061565291672319835,0.03636298290513387,0.1667783878494635,-0.1063842767532742,-0.021550190940160915,-0.0019300178963248546,0.00026571836591216376,0.0005568418770262802,-9.515053752740915e-05,0.01591084889239434,0.025551311674051707,0.0037208209313877765,0.0022752528298131845,2.7865836125220078e-05,0.00017717249506364176,-0.000985066358645813,0.0005195411948207433,-0.0007315989914931779,-0.0008162938192819453,-0.0008373706153107184,-0.12537283180679426,-0.011548698963740061,-0.000252860473372113,0.000849357604616068,0.006589258624880826,0.03313275293751091,0.21467160851714503,0.07860756692908259,0.01971505729761095,0.0023688323882154008,0.00025383794117020365,0.00021001915762773962,-0.0012556200702270827,0.015669542841959056,-0.000342386221658904,-0.007098362041909075,-0.0015878491211613296,-0.00013030115863743954,0.00020499240171804645,-0.0012538805789572846,0.0018177680898023838,0.0008326043302341695,0.0028762063050252243,0.0006267832506540976,0.42035369990774385,5.969580570545867,0.31570903506204345,0.025910375133227786,0.0
0.16355253582499713,0.011643013623614556,0.0003606832267553799,0.0016122426052558128,0.0061565291672319835,0.03636298290513387,0.1667783878494635,-0.1063842767532742,-0.021550190940160915,-0.0019300178963248546,0.00026571836591216376,0.0005568418770262802,-9.515053752740915e-05,0.01591084889239434,0.025551311674051707,0.0037208209313877765,0.0022752528298131845,2.7865836125220078e-05,0.00017717249506364176,-0.000985066358645813,0.0005195411948207433,-0.0007315989914931779,-0.0008162938192819453,-0.0008373706153107184,-0.12537283180679426,-0.011548698963740061,-0.000252860473372113,0.000849357604616068,0.006589258624880826,0.03313275293751091,0.21467160851714503,0.07860756692908259,0.01971308598901205,0.0023688323882154008,0.00025383794117020365,0.00021101915762773962,-0.0012556200702270827,0.015669542841959056,-0.000342386221658904,-0.007098362041909075,-0.0015878491211613296,-0.00013030115863743954,0.00020499240171804645,-0.0012538805789572846,0.0018177680898023838,0.0008326043302341695,0.0028762063050252243,0.0006267832506540976,0.42035316440121595,5.969579239756658,0.31574377371261525,0.025908598438794398,0.0
0.16355253582499713,0.011643013623614556,0.0003606832267553799,0.0016122426052558128,0.0061565291672319835,0.03636298290513387,0.1667783878494635,-0.1063842767532742,-0.021550190940160915,-0.0019300178963248546,0.00026571836591216376,0.0005568418770262802,-9.515053752740915e-05,0.01591084889239434,0.025551311674051707,0.0037208209313877765,0.0022752528298131845,2.7865836125220078e-05,0.00017717249506364176,-0.000985066358645813,0.0005195411948207433,-0.0007315989914931779,-0.0008162938192819453,-0.0008373706153107184,-0.12537283180679426,-0.011548698963740061,-0.000252860473372113,0.000849357604616068,0.006589258624880826,0.03313275293751091,0.21467160851714503,0.07860756692908259,0.01971308598901205,0.0023688323882154008,0.0002548379411702037,0.00021001915762773962,-0.0012556200702270827,0.015669542841959056,-0.000342386221658904,-0.007098362041909075,-0.0015878491211613296,-0.00013030115863743954,0.00020499240171804645,-0.0012538805789572846,0.0018177680898023838,0.0008326043302341695,0.0028762063050252243,0.0006267832506540976,0.4203531121626007,5.969579040155382,0.31571765101656013,0.025912793141261388,0.0
0.16355253582499713,0.011643013623614556,0.0003606832267553799,0.0016122426052558128,0.0061565291672319835,0.03636298290513387,0.1667783878494635,-0.1063842767532742,-0.021550190940160915,-0.0019300178963248546,0.00026571836591216376,0.0005568418770262802,-9.515053752740915e-05,0.01591084889239434,0.025551311674051707,0.0037208209313877765,0.0022752528298131845,2.7865836125220078e-05,0.00017717249506364176,-0.000985066358645813,0.0005195411948207433,-0.0007315989914931779,-0.0008162938192819453,-0.0008373706153107184,-0.12537283180679426,-0.011548698963740061,-0.000252860473372113,0.000849357604616068,0.006589258624880826,0.03313275293751091,0.21467160851714503,0.07860756692908259,0.01971308598901205,0.0023688323882154008,0.00025383794117020365,0.00021001915762773962,-0.0012556200702270827,0.01567110979624325,-0.000342386221658904,-0.007098362041909075,-0.0015878491211613296,-0.00013030115863743954,0.00020499240171804645,-0.0012538805789572846,0.0018177680898023838,0.0008326043302341695,0.0028762063050252243,0.0006267832506540976,0.42035331924868463,5.969578276082599,0.315730377742328,0.025904614933297748,0.0
0.16355253582499713,0.011643013623614556,0.0003606832267553799,0.0016122426052558128,0.0061565291672319835,0.03636298290513387,0.1667783878494635,-0.1063842767532742,-0.021550190940160915,-0.0019300178963248546,0.00026571836591216376,0.0005568418770262802,-9.515053752740915e-05,0.01591084889239434,0.025551311674051707,0.0037208209313877765,0.0022752528298131845,2.7865836125220078e-05,0.00017717249506364176,-0.000985066358645813,0.0005195411948207433,-0.0007315989914931779,-0.0008162938192819453,-0.0008373706153107184,-0.12537283180679426,-0.011548698963740061,-0.000252860473372113,0.000849357604616068,0.006589258624880826,0.03313275293751091,0.21467160851714503,0.07860756692908259,0.01971308598901205,0.0023688323882154008,0.00025383794117020365,0.00021001915762773962,-0.0012546200702270827,0.015669542841959056,-0.000342386221658904,-0.007098362041909075,-0.0015878491211613296,-0.00013030115863743954,0.00020499240171804645,-0.0012538805789572846,0.0018177680898023838,0.0008326043302341695,0.0028762063050252243,0.0006267832506540976,0.42035328853821063,5.969580677926533,0.3157233420834651,0.025902396903012593,0.0
0.16355253582499713,0.011643013623614556,0.0003606832267553799,0.0016122426052558128,0.0061565291672319835,0.03636298290513387,0.1667783878494635,-0.1063842767532742,-0.021550190940160915,-0.0019300178963248546,0.00026571836591216376,0.0005568418770262802,-9.515053752740915e-05,0.01591084889239434,0.025551311674051707,0.0037208209313877765,0.0022752528298131845,2.7865836125220078e-05,0.00017717249506364176,-0.000985066358645813,0.0005195411948207433,-0.0007315989914931779,-0.0008162938192819453,-0.0008373706153107184,-0.12537283180679426,-0.011548698963740061,-0.000252860473372113,0.000849357604616068,0.006589258624880826,0.03313275293751091,0.21467160851714503,0.07860756692908259,0.01971308598901205,0.0023688323882154008,0.00025383794117020365,0.00021001915762773962,-0.0012556200702270827,0.015669542841959056,-0.000342386221658904,-0.007097362041909075,-0.0015878491211613296,-0.00013030115863743954,0.00020499240171804645,-0.0012538805789572846,0.0018177680898023838,0.0008326043302341695,0.0028762063050252243,0.0006267832506540976,0.42035272456699296,5.96957955428164,0.31573190013054114,0.02590271541038662,0.0
0.16355253582499713,0.011643013623614556,0.0003606832267553799,0.0016122426052558128,0.0061565291672319835,0.03636298290513387,0.1667783878494635,-0.1063842767532742,-0.021550190940160915,-0.0019300178963248546,0.00026571836591216376,0.0005568418770262802,-9.515053752740915e-05,0.01591084889239434,0.025551311674051707,0.0037208209313877765,0.0022752528298131845,2.7865836125220078e-05,0.00017717249506364176,-0.000985066358645813,0.0005195411948207433,-0.0007315989914931779,-0.0008162938192819453,-0.0008373706153107184,-0.12537283180679426,-0.011548698963740061,-0.000252860473372113,0.000849357604616068,0.006589258624880826,0.03313275293751091,0.21467160851714503,0.07860756692908259,0.01971308598901205,0.0023688323882154008,0.00025383794117020365,0.00021001915762773962,-0.0012556200702270827,0.015669542841959056,-0.00034138622165890396,-0.007098362041909075,-0.0015878491211613296,-0.00013030115863743954,0.00020499240171804645,-0.0012538805789572846,0.0018177680898023838,0.0008326043302341695,0.0028762063050252243,0.0006267832506540976,0.42035370608012806,5.969570388505375,0.31572871995797214,0.025903388729398943,0.0
0.16355253582499713,0.011643013623614556,0.0003606832267553799,0.0016122426052558128,0.0061565291672319835,0.03636298290513387,0.1667783878494635,-0.1063842767532742,-0.021550190940160915,-0.0019300178963248546,0.00026571836591216376,0.0005568418770262802,-9.515053752740915e-05,0.01591084889239434,0.025551311674051707,0.0037208209313877765,0.0022752528298131845,2.7865836125220078e-05,0.00017717249506364176,-0.000985066358645813,0.0005195411948207433,-0.0007315989914931779,-0.0008162938192819453,-0.0008373706153107184,-0.12537283180679426,-0.011548698963740061,-0.000252860473372113,0.000849357604616068,0.006589258624880826,0.03313275293751091,0.21467160851714503,0.07860756692908259,0.01971308598901205,0.0023688323882154008,0.00025383794117020365,0.00021001915762773962,-0.0012556200702270827,0.015669542841959056,-0.000342386221658904,-0.007098362041909075,-0.0015878491211613296,-0.00012930115863743954,0.00020499240171804645,-0.0012538805789572846,0.0018177680898023838,0.0008326043302341695,0.0028762063050252243,0.0006267832506540976,0.4203531369528674,5.969578998499536,0.3157451682994059,0.025904702981380586,0.0
0.16355253582499713,0.011643013623614556,0.0003606832267553799,0.0016122426052558128,0.0061565291672319835,0.03636298290513387,0.1667783878494635,-0.1063842767532742,-0.021550190940160915,-0.0019300178963248546,0.00026571836591216376,0.0005568418770262802,-9.515053752740915e-05,0.01591084889239434,0.025551311674051707,0.0037208209313877765,0.0022752528298131845,2.7865836125220078e-05,0.00017717249506364176,-0.000985066358645813,0.0005195411948207433,-0.0007315989914931779,-0.0008162938192819453,-0.0008373706153107184,-0.12537283180679426,-0.011548698963740061,-0.000252860473372113,0.000849357604616068,0.006589258624880826,0.03313275293751091,0.21467160851714503,0.07860756692908259,0.01971308598901205,0.0023688323882154008,0.00025383794117020365,0.00021001915762773962,-0.0012556200702270827,0.015669542841959056,-0.000342386221658904,-0.007098362041909075,-0.0015868491211613297,-0.00013030115863743954,0.00020499240171804645,-0.0012538805789572846,0.0018177680898023838,0.0008326043302341695,0.0028762063050252243,0.0006267832506540976,0.4203533266941676,5.969579048376302,0.31572360912936964,0.02590552705913033,0.0
0.16355253582499713,0.011643013623614556,0.0003606832267553799,0.0016122426052558128,0.0061565291672319835,0.03636298290513387,0.1667783878494635,-0.1063842767532742,-0.021550190940160915,-0.0019300178963248546,0.00026571836591216376,0.0005568418770262802,-9.515053752740915e-05,0.01591084889239434,0.025551311674051707,0.0037208209313877765,0.0022752528298131845,2.7865836125220078e-05,0.00017717249506364176,-0.000985066358645813,0.0005195411948207433,-0.0007315989914931779,-0.0008162938192819453,-0.0008373706153107184,-0.12537283180679426,-0.011548698963740061,-0.000252860473372113,0.000849357604616068,0.006589258624880826,0.03313275293751091,0.21467160851714503,0.07860756692908259,0.01971308598901205,0.0023688323882154008,0.00025383794117020365,0.00021001915762773962,-0.0012556200702270827,0.015669542841959056,-0.000342386221658904,-0.007098362041909075,-0.0015878491211613296,-0.00013030115863743954,0.00020499240171804645,-0.0012528805789572847,0.0018177680898023838,0.0008326043302341695,0.0028762063050252243,0.0006267832506540976,0.42035309091802453,5.969579525236341,0.31574088186519234,0.025903417875897287,0.0
0.16355253582499713,0.011643013623614556,0.0003606832267553799,0.0016122426052558128,0.0061565291672319835,0.03636298290513387,0.1667783878494635,-0.1063842767532742,-0.021550190940160915,-0.0019300178963248546,0.00026571836591216376,0.0005568418770262802,-9.515053752740915e-05,0.01591084889239434,0.025551311674051707,0.0037208209313877765,0.0022752528298131845,2.7865836125220078e-05,0.00017717249506364176,-0.000985066358645813,0.0005195411948207433,-0.0007315989914931779,-0.0008162938192819453,-0.0008373706153107184,-0.12537283180679426,-0.011548698963740061,-0.000252860473372113,0.000849357604616068,0.006589258624880826,0.03313275293751091,0.21467160851714503,0.07860756692908259,0.01971308598901205,0.0023688323882154008,0.00025383794117020365,0.00021001915762773962,-0.0012556200702270827,0.015669542841959056,-0.000342386221658904,-0.007098362041909075,-0.0015878491211613296,-0.00013030115863743954,0.00020599240171804644,-0.0012538805789572846,0.0018177680898023838,0.0008326043302341695,0.0028762063050252243,0.0006267832506540976,0.4203530884393394,5.969578933017065,0.3157302807618868,0.025904327826816308,0.0
0.16355253582499713,0.011643013623614556,0.0003606832267553799,0.0016122426052558128,0.0061565291672319835,0.03636298290513387,0.1667783878494635,-0.1063842767532742,-0.021550190940160915,-0.0019300178963248546,0.00026571836591216376,0.0005568418770262802,-9.515053752740915e-05,0.01591084889239434,0.025551311674051707,0.0037208209313877765,0.0022752528298131845,2.7865836125220078e-05,0.00017717249506364176,-0.000985066358645813,0.0005195411948207433,-0.0007315989914931779,-0.0008162938192819453,-0.0008373706153107184,-0.12537283180679426,-0.011548698963740061,-0.000252860473372113,0.000849357604616068,0.006589258624880826,0.03313275293751091,0.21467160851714503,0.07860756692908259,0.01971308598901205,0.0023688323882154008,0.00025383794117020365,0.00021001915762773962,-0.0012556200702270827,0.015669542841959056,-0.000342386221658904,-0.007098362041909075,-0.0015878491211613296,-0.00013030115863743954,0.00020499240171804645,-0.0012538805789572846,0.0018177680898023838,0.0008336043302341695,0.0028762063050252243,0.0006267832506540976,0.4203496526747096,5.96958002601025,0.3157459063806763,0.0259031761342092,0.0
0.16355253582499713,0.011643013623614556,0.0003606832267553799,0.0016122426052558128,0.0061565291672319835,0.03636298290513387,0.1667783878494635,-0.1063842767532742,-0.021550190940160915,-0.0019300178963248546,0.00026571836591216376,0.0005568418770262802,-9.515053752740915e-05,0.01591084889239434,0.025551311674051707,0.0037208209313877765,0.0022752528298131845,2.7865836125220078e-05,0.00017717249506364176,-0.000985066358645813,0.0005195411948207433,-0.0007315989914931779,-0.0008162938192819453,-0.0008373706153107184,-0.12537283180679426,-0.011548698963740061,-0.000252860473372113,0.000849357604616068,0.006589258624880826,0.03313275293751091,0.21467160851714503,0.07860756692908259,0.01971308598901205,0.0023688323882154008,0.00025383794117020365,0.00021001915762773962,-0.0012556200702270827,0.015669542841959056,-0.000342386221658904,-0.007098362041909075,-0.0015878491211613296,-0.00013030115863743954,0.00020499240171804645,-0.0012538805789572846,0.0018187680898023837,0.0008326043302341695,0.0028762063050252243,0.0006267832506540976,0.42035253486763396,5.969579833591311,0.3157378220911689,0.025902622105068992,0.0
0.16355253582499713,0.011643013623614556,0.0003606832267553799,0.0016122426052558128,0.0061565291672319835,0.03636298290513387,0.1667783878494635,-0.1063842767532742,-0.021550190940160915,-0.0019300178963248546,0.00026571836591216376,0.0005568418770262802,-9.515053752740915e-05,0.01591084889239434,0.025551311674051707,0.0037208209313877765,0.0022752528298131845,2.7865836125220078e-05,0.00017717249506364176,-0.000985066358645813,0.0005195411948207433,-0.0007315989914931779,-0.0008162938192819453,-0.0008373706153107184,-0.12537283180679426,-0.011548698963740061,-0.000252860473372113,0.000849357604616068,0.006589258624880826,0.03313275293751091,0.21467160851714503,0.07860756692908259,0.01971308598901205,0.0023688323882154008,0.00025383794117020365,0.00021001915762773962,-0.0012556200702270827,0.015669542841959056,-0.000342386221658904,-0.007098362041909075,-0.0015878491211613296,-0.00013030115863743954,0.00020499240171804645,-0.0012538805789572846,0.0018177680898023838,0.0008326043302341695,0.0028762063050252243,0.0006277832506540977,0.4203535661784191,5.969579012888758,0.31572964989256713,0.02590391146309625,0.0
0.16355253582499713,0.011643013623614556,0.0003606832267553799,0.0016122426052558128,0.0061565291672319835,0.03636298290513387,0.1667783878494635,-0.1063842767532742,-0.021550190940160915,-0.0019300178963248546,0.00026571836591216376,0.0005568418770262802,-9.515053752740915e-05,0.01591084889239434,0.025551311674051707,0.0037208209313877765,0.0022752528298131845,2.7865836125220078e-05,0.00017717249506364176,-0.000985066358645813,0.0005195411948207433,-0.0007315989914931779,-0.0008162938192819453,-0.0008373706153107184,-0.12537283180679426,-0.011548698963740061,-0.000252860473372113,0.000849357604616068,0.006589258624880826,0.03313275293751091,0.21467160851714503,0.07860756692908259,0.01971308598901205,0.0023688323882154008,0.00025383794117020365,0.00021001915762773962,-0.0012556200702270827,0.015669542841959056,-0.000342386221658904,-0.007098362041909075,-0.0015878491211613296,-0.00013030115863743954,0.00020499240171804645,-0.0012538805789572846,0.0018177680898023838,0.0008326043302341695,0.0028772063050252245,0.0006267832506540976,0.4203566078514982,5.969578428804692,0.315715758740396,0.025902663424550415,0.0
0.16356083512193578,0.011629223482014527,0.0004076657228743257,0.0016662016621146318,0.006236907744573675,0.03638381280042911,0.1667848890851193,-0.10638253193976914,-0.0214875463638153,-0.001876972070998555,0.00030503527042515427,0.0005483863377509589,-9.236762504580871e-05,0.0159117545667152,0.025562957429748553,0.003723354131121154,0.002304169306746179,6.929281473135931e-05,0.0002028812720543354,-0.0009777144027080765,0.0005150802531198595,-0.0007749436789156749,-0.0008613178694509454,-0.0008174949563786545,-0.12537132572688936,-0.011553621168946343,-0.0002431668341038405,0.0008054233375096105,0.006616337065740831,0.03310674580290843,0.21465937767993998,0.07863387028530261,0.01975683828826028,0.0023543594951598635,0.0003097649595510963,0.00017432664912387665,-0.0012190365041599026,0.015677014170424233,-0.0003247967975128466,-0.00709190658209682,-0.0015523846402378703,-0.00017066045957947956,0.00021703880067833333,-0.0012790663500628883,0.0018033936493964701,0.0007897444568940325,0.0029394921298817314,0.0006410949198264664,0.4211135038731856,5.969954240386801,0.31339836570871804,0.031378160235205295,0.0
0.16356083512193578,0.011629223482014527,0.0004076657228743257,0.0016662016621146318,0.006236907744573675,0.03638381280042911,0.1667848890851193,-0.10638253193976914,-0.0214875463638153,-0.001876972070998555,0.00030503527042515427,0.0005483863377509589,-9.236762504580871e-05,0.0159117545667152,0.025562957429748553,0.003723354131121154,0.002304169306746179,6.929281473135931e-05,0.0002028812720543354,-0.0009777144027080765,0.0005150802531198595,-0.0007749436789156749,-0.0008613178694509454,-0.0008174949563786545,-0.12537132572688936,-0.011553621168946343,-0.0002431668341038405,0.0008054233375096105,0.006616337065740831,0.03310674580290843,0.21465937767993998,0.07863387028530261,0.01975683828826028,0.0023543594951598635,0.0003097649595510963,0.00017432664912387665,-0.0012190365041599026,0.015677014170424233,-0.0003247967975128466,-0.00709190658209682,-0.0015523846402378703,-0.00017066045957947956,0.00021703880067833333,-0.0012790663500628883,0.0018033936493964701,0.0007897444568940325,0.0029394921298817314,0.0006410949198264664,0.4211135038731856,5.969954240386801,0.31339836570871804,0.031378160235205295,0.0
0.16356083512193578,0.011630386404362729,0.0004076657228743257,0.0016662016621146318,0.006236907744573675,0.03638381280042911,0.1667848890851193,-0.10638253193976914,-0.0214875463638153,-0.001876972070998555,0.00030503527042515427,0.0005483863377509589,-9.236762504580871e-05,0.0159117545667152,0.025562957429748553,0.003723354131121154,0.002304169306746179,6.929281473135931e-05,0.0002028812720543354,-0.0009777144027080765,0.0005150802531198595,-0.0007749436789156749,-0.0008613178694509454,-0.0008174949563786545,-0.12537132572688936,-0.011553621168946343,-0.0002431668341038405,0.0008054233375096105,0.006616337065740831,0.03310674580290843,0.21465937767993998,0.07863387028530261,0.01975683828826028,0.0023543594951598635,0.0003097649595510963,0.00017432664912387665,-0.0012190365041599026,0.015677014170424233,-0.0003247967975128466,-0.00709190658209682,-0.0015523846402378703,-0.00017066045957947956,0.00021703880067833333,-0.0012790663500628883,0.0018033936493964701,0.0007897444568940325,0.0029394921298817314,0.0006410949198264664,0.4211134865038828,5.969954230690209,0.31340303579033163,0.03138048404888916,0.0
0.16357719120544797,0.011629223482014527,0.0004076657228743257,0.0016662016621146318,0.006236907744573675,0.03638381280042911,0.1667848890851193,-0.10638253193976914,-0.0214875463638153,-0.001876972070998555,0.00030503527042515427,0.0005483863377509589,-9.236762504580871e-05,0.0159117545667152,0.025562957429748553,0.003723354131121154,0.002304169306746179,6.929281473135931e-05,0.0002028812720543354,-0.0009777144027080765,0.0005150802531198595,-0.0007749436789156749,-0.0008613178694509454,-0.0008174949563786545,-0.12537132572688936,-0.011553621168946343,-0.0002431668341038405,0.0008054233375096105,0.006616337065740831,0.03310674580290843,0.21465937767993998,0.07863387028530261,0.01975683828826028,0.0023543594951598635,0.0003097649595510963,0.00017432664912387665,-0.0012190365041599026,0.015677014170424233,-0.0003247967975128466,-0.00709190658209682,-0.0015523846402378703,-0.00017066045957947956,0.00021703880067833333,-0.0012790663500628883,0.0018033936493964701,0.0007897444568940325,0.0029394921298817314,0.0006410949198264664,0.4211158652442212,5.96995509060536,0.3133563308302877,0.03138082984503477,0.0
0.16356083512193578,0.011629223482014527,0.0004086657228743257,0.0016662016621146318,0.006236907744573675,0.03638381280042911,0.1667848890851193,-0.10638253193976914,-0.0214875463638153,-0.001876972070998555,0.00030503527042515427,0.0005483863377509589,-9.236762504580871e-05,0.0159117545667152,0.025562957429748553,0.003723354131121154,0.002304169306746179,6.929281473135931e-05,0.0002028812720543354,-0.0009777144027080765,0.0005150802531198595,-0.0007749436789156749,-0.0008613178694509454,-0.0008174949563786545,-0.12537132572688936,-0.011553621168946343,-0.0002431668341038405,0.0008054233375096105,0.006616337065740831,0.03310674580290843,0.21465937767993998,0.07863387028530261,0.01975683828826028,0.0023543594951598635,0.0003097649595510963,0.00017432664912387665,-0.0012190365041599026,0.015677014170424233,-0.0003247967975128466,-0.00709190658209682,-0.0015523846402378703,-0.00017066045957947956,0.00021703880067833333,-0.0012790663500628883,0.0018033936493964701,0.0007897444568940325,0.0029394921298817314,0.0006410949198264664,0.4211135102437249,5.96995427232768,0.3133847537506821,0.03138270455213257,0.0
0.16356083512193578,0.011629223482014527,0.0004076657228743257,0.0016672016621146317,0.006236907744573675,0.03638381280042911,0.1667848890851193,-0.10638253193976914,-0.0214875463638153,-0.001876972070998555,0.00030503527042515427,0.0005483863377509589,-9.236762504580871e-05,0.0159117545667152,0.025562957429748553,0.003723354131121154,0.002304169306746179,6.929281473135931e-05,0.0002028812720543354,-0.0009777144027080765,0.0005150802531198595,-0.0007749436789156749,-0.0008613178694509454,-0.0008174949563786545,-0.12537132572688936,-0.011553621168946343,-0.0002431668341038405,0.0008054233375096105,0.006616337065740831,0.03310674580290843,0.21465937767993998,0.07863387028530261,0.01975683828826028,0.0023543594951598635,0.0003097649595510963,0.00017432664912387665,-0.0012190365041599026,0.015677014170424233,-0.0003247967975128466,-0.00709190658209682,-0.0015523846402378703,-0.00017066045957947956,0.00021703880067833333,-0.0012790663500628883,0.0018033936493964701,0.0007897444568940325,0.0029394921298817314,0.0006410949198264664,0.42111346410582784,5.969954338002101,0.31338020982788767,0.031414643465779546,0.0
0.16356083512193578,0.011629223482014527,0.0004076657228743257,0.0016662016621146318,0.006237907744573675,0.03638381280042911,0.1667848890851193,-0.10638253193976914,-0.0214875463638153,-0.001876972070998555,0.00030503527042515427,0.0005483863377509589,-9.236762504580871e-05,0.0159117545667152,0.025562957429748553,0.003723354131121154,0.002304169306746179,6.929281473135931e-05,0.0002028812720543354,-0.0009777144027080765,0.0005150802531198595,-0.0007749436789156749,-0.0008613178694509454,-0.0008174949563786545,-0.12537132572688936,-0.011553621168946343,-0.0002431668341038405,0.0008054233375096105,0.006616337065740831,0.03310674580290843,0.21465937767993998,0.07863387028530261,0.01975683828826028,0.0023543594951598635,0.0003097649595510963,0.00017432664912387665,-0.0012190365041599026,0.015677014170424233,-0.0003247967975128466,-0.00709190658209682,-0.0015523846402378703,-0.00017066045957947956,0.00021703880067833333,-0.0012790663500628883,0.0018033936493964701,0.0007897444568940325,0.0029394921298817314,0.0006410949198264664,0.4211134619714143,5.969954378870248,0.31337508293909166,0.03139351297421069,0.0
0.16356083512193578,0.011629223482014527,0.0004076657228743257,0.0016662016621146318,0.006236907744573675,0.036387451181709156,0.1667848890851193,-0.10638253193976914,-0.0214875463638153,-0.001876972070998555,0.00030503527042515427,0.0005483863377509589,-9.236762504580871e-05,0.0159117545667152,0.025562957429748553,0.003723354131121154,0.002304169306746179,6.929281473135931e-05,0.0002028812720543354,-0.0009777144027080765,0.0005150802531198595,-0.0007749436789156749,-0.0008613178694509454,-0.0008174949563786545,-0.12537132572688936,-0.011553621168946343,-0.0002431668341038405,0.0008054233375096105,0.006616337065740831,0.03310674580290843,0.21465937767993998,0.07863387028530261,0.01975683828826028,0.0023543594951598635,0.0003097649595510963,0.00017432664912387665,-0.0012190365041599026,0.015677014170424233,-0.0003247967975128466,-0.00709190658209682,-0.0015523846402378703,-0.00017066045957947956,0.00021703880067833333,-0.0012790663500628883,0.0018033936493964701,0.0007897444568940325,0.0029394921298817314,0.0006410949198264664,0.4211129206650348,5.969954653436195,0.31339766481538783,0.031403143756265836,0.0
0.16356083512193578,0.011629223482014527,0.0004076657228743257,0.0016662016621146318,0.006236907744573675,0.03638381280042911,0.1667848890851193,-0.10637189368657517,-0.0214875463638153,-0.001876972070998555,0.00030503527042515427,0.0005483863377509589,-9.236762504580871e-05,0.0159117545667152,0.025562957429748553,0.003723354131121154,0.002304169306746179,6.929281473135931e-05,0.0002028812720543354,-0.0009777144027080765,0.0005150802531198595,-0.0007749436789156749,-0.0008613178694509454,-0.0008174949563786545,-0.12537132572688936,-0.011553621168946343,-0.0002431668341038405,0.0008054233375096105,0.006616337065740831,0.03310674580290843,0.21465937767993998,0.07863387028530261,0.01975683828826028,0.0023543594951598635,0.0003097649595510963,0.00017432664912387665,-0.0012190365041599026,0.015677014170424233,-0.0003247967975128466,-0.00709190658209682,-0.0015523846402378703,-0.00017066045957947956,0.00021703880067833333,-0.0012790663500628883,0.0018033936493964701,0.0007897444568940325,0.0029394921298817314,0.0006410949198264664,0.4210806973486122,5.969917813542582,0.31344417484539905,0.031423478233721776,0.0
0.16356083512193578,0.011629223482014527,0.0004076657228743257,0.0016662016621146318,0.006236907744573675,0.03638381280042911,0.1668015675740278,-0.10638253193976914,-0.0214875463638153,-0.001876972070998555,0.00030503527042515427,0.0005483863377509589,-9.236762504580871e-05,0.0159117545667152,0.025562957429748553,0.003723354131121154,0.002304169306746179,6.929281473135931e-05,0.0002028812720543354,-0.0009777144027080765,0.0005150802531198595,-0.0007749436789156749,-0.0008613178694509454,-0.0008174949563786545,-0.12537132572688936,-0.011553621168946343,-0.0002431668341038405,0.0008054233375096105,0.006616337065740831,0.03310674580290843,0.21465937767993998,0.07863387028530261,0.01975683828826028,0.0023543594951598635,0.0003097649595510963,0.00017432664912387665,-0.0012190365041599026,0.015677014170424233,-0.0003247967975128466,-0.00709190658209682,-0.0015523846402378703,-0.00017066045957947956,0.00021703880067833333,-0.0012790663500628883,0.0018033936493964701,0.0007897444568940325,0.0029394921298817314,0.0006410949198264664,0.4211002866808405,5.969624755874929,0.3134063281322926,0.031408109632808386,0.0
0.16356083512193578,0.011629223482014527,0.0004076657228743257,0.0016662016621146318,0.006236907744573675,0.03638381280042911,0.1667848890851193,-0.10638253193976914,-0.0214875463638153,-0.0018759720709985552,0.00030503527042515427,0.0005483863377509589,-9.236762504580871e-05,0.0159117545667152,0.025562957429748553,0.003723354131121154,0.002304169306746179,6.929281473135931e-05,0.0002028812720543354,-0.0009777144027080765,0.0005150802531198595,-0.0007749436789156749,-0.0008613178694509454,-0.0008174949563786545,-0.12537132572688936,-0.011553621168946343,-0.0002431668341038405,0.0008054233375096105,0.006616337065740831,0.03310674580290843,0.21465937767993998,0.07863387028530261,0.01975683828826028,0.0023543594951598635,0.0003097649595510963,0.00017432664912387665,-0.0012190365041599026,0.015677014170424233,-0.0003247967975128466,-0.00709190658209682,-0.0015523846402378703,-0.00017066045957947956,0.00021703880067833333,-0.0012790663500628883,0.0018033936493964701,0.0007897444568940325,0.0029394921298817314,0.0006410949198264664,0.4211135390967162,5.969954407769107,0.31338135285252483,0.03141479161868638,0.0
0.16356083512193578,0.011629223482014527,0.0004076657228743257,0.0016662016621146318,0.006236907744573675,0.03638381280042911,0.1667848890851193,-0.10638253193976914,-0.02148539760917892,-0.001876972070998555,0.00030503527042515427,0.0005483863377509589,-9.236762504580871e-05,0.0159117545667152,0.025562957429748553,0.003723354131121154,0.002304169306746179,6.929281473135931e-05,0.0002028812720543354,-0.0009777144027080765,0.0005150802531198595,-0.0007749436789156749,-0.0008613178694509454,-0.0008174949563786545,-0.12537132572688936,-0.011553621168946343,-0.0002431668341038405,0.0008054233375096105,0.006616337065740831,0.03310674580290843,0.21465937767993998,0.07863387028530261,0.01975683828826028,0.0023543594951598635,0.0003097649595510963,0.00017432664912387665,-0.0012190365041599026,0.015677014170424233,-0.0003247967975128466,-0.00709190658209682,-0.0015523846402378703,-0.00017066045957947956,0.00021703880067833333,-0.0012790663500628883,0.0018033936493964701,0.0007897444568940325,0.0029394921298817314,0.0006410949198264664,0.4211132518737329,5.969953263124465,0.31335979124053526,0.03139553242415115,0.0
0.16356083512193578,0.011629223482014527,0.0004076657228743257,0.0016662016621146318,0.006236907744573675,0.03638381280042911,0.1667848890851193,-0.10638253193976914,-0.0214875463638153,-0.001876972070998555,0.00030503527042515427,0.0005493863377509589,-9.236762504580871e-05,0.0159117545667152,0.025562957429748553,0.003723354131121154,0.002304169306746179,6.929281473135931e-05,0.0002028812720543354,-0.0009777144027080765,0.0005150802531198595,-0.0007749436789156749,-0.0008613178694509454,-0.0008174949563786545,-0.12537132572688936,-0.011553621168946343,-0.0002431668341038405,0.0008054233375096105,0.006616337065740831,0.03310674580290843,0.21465937767993998,0.07863387028530261,0.01975683828826028,0.0023543594951598635,0.0003097649595510963,0.00017432664912387665,-0.0012190365041599026,0.015677014170424233,-0.0003247967975128466,-0.00709190658209682,-0.0015523846402378703,-0.00017066045957947956,0.00021703880067833333,-0.0012790663500628883,0.0018033936493964701,0.0007897444568940325,0.0029394921298817314,0.0006410949198264664,0.4211135244106081,5.969954626956181,0.3134044694553024,0.03138317648006743,0.0
0.16356083512193578,0.011629223482014527,0.0004076657228743257,0.0016662016621146318,0.006236907744573675,0.03638381280042911,0.1667848890851193,-0.10638253193976914,-0.0214875463638153,-0.001876972070998555,0.0003060352704251543,0.0005483863377509589,-9.236762504580871e-05,0.0159117545667152,0.025562957429748553,0.003723354131121154,0.002304169306746179,6.929281473135931e-05,0.0002028812720543354,-0.0009777144027080765,0.0005150802531198595,-0.0007749436789156749,-0.0008613178694509454,-0.0008174949563786545,-0.12537132572688936,-0.011553621168946343,-0.0002431668341038405,0.0008054233375096105,0.006616337065740831,0.03310674580290843,0.21465937767993998,0.07863387028530261,0.01975683828826028,0.0023543594951598635,0.0003097649595510963,0.00017432664912387665,-0.0012190365041599026,0.015677014170424233,-0.0003247967975128466,-0.00709190658209682,-0.0015523846402378703,-0.00017066045957947956,0.00021703880067833333,-0.0012790663500628883,0.0018033936493964701,0.0007897444568940325,0.0029394921298817314,0.0006410949198264664,0.4211135076213641,5.969954268317585,0.3133928463510819,0.031392285379430146,0.0
0.16356083512193578,0.011629223482014527,0.0004076657228743257,0.0016662016621146318,0.006236907744573675,0.03638381280042911,0.1667848890851193,-0.10638253193976914,-0.0214875463638153,-0.001876972070998555,0.00030503527042515427,0.0005483863377509589,-9.236762504580871e-05,0.01591334574217187,0.025562957429748553,0.003723354131121154,0.002304169306746179,6.929281473135931e-05,0.0002028812720543354,-0.0009777144027080765,0.0005150802531198595,-0.0007749436789156749,-0.0008613178694509454,-0.0008174949563786545,-0.12537132572688936,-0.011553621168946343,-0.0002431668341038405,0.0008054233375096105,0.006616337065740831,0.03310674580290843,0.21465937767993998,0.07863387028530261,0.01975683828826028,0.0023543594951598635,0.0003097649595510963,0.00017432664912387665,-0.0012190365041599026,0.015677014170424233,-0.0003247967975128466,-0.00709190658209682,-0.0015523846402378703,-0.00017066045957947956,0.00021703880067833333,-0.0012790663500628883,0.0018033936493964701,0.0007897444568940325,0.0029394921298817314,0.0006410949198264664,0.4211139483996165,5.969954633327257,0.313397864647992,0.03137769805872759,0.0
0.16356083512193578,0.011629223482014527,0.0004076657228743257,0.0016662016621146318,0.006236907744573675,0.03638381280042911,0.1667848890851193,-0.10638253193976914,-0.0214875463638153,-0.001876972070998555,0.00030503527042515427,0.0005483863377509589,-9.136762504580871e-05,0.0159117545667152,0.025562957429748553,0.003723354131121154,0.002304169306746179,6.929281473135931e-05,0.0002028812720543354,-0.0009777144027080765,0.0005150802531198595,-0.0007749436789156749,-0.0008613178694509454,-0.0008174949563786545,-0.12537132572688936,-0.011553621168946343,-0.0002431668341038405,0.0008054233375096105,0.006616337065740831,0.03310674580290843,0.21465937767993998,0.07863387028530261,0.01975683828826028,0.0023543594951598635,0.0003097649595510963,0.00017432664912387665,-0.0012190365041599026,0.015677014170424233,-0.0003247967975128466,-0.00709190658209682,-0.0015523846402378703,-0.00017066045957947956,0.00021703880067833333,-0.0012790663500628883,0.0018033936493964701,0.0007897444568940325,0.0029394921298817314,0.0006410949198264664,0.4211136050312217,5.969956237054585,0.3133991010502021,0.03137788580873801,0.0
0.16356083512193578,0.011629223482014527,0.0004076657228743257,0.0016662016621146318,0.006236907744573675,0.03638381280042911,0.1667848890851193,-0.10638253193976914,-0.0214875463638153,-0.001876972070998555,0.00030503527042515427,0.0005483863377509589,-9.236762504580871e-05,0.0159117545667152,0.025562957429748553,0.0037243541311211543,0.002304169306746179,6.929281473135931e-05,0.0002028812720543354,-0.0009777144027080765,0.0005150802531198595,-0.0007749436789156749,-0.0008613178694509454,-0.0008174949563786545,-0.12537132572688936,-0.011553621168946343,-0.0002431668341038405,0.0008054233375096105,0.006616337065740831,0.03310674580290843,0.21465937767993998,0.07863387028530261,0.01975683828826028,0.0023543594951598635,0.0003097649595510963,0.00017432664912387665,-0.0012190365041599026,0.015677014170424233,-0.0003247967975128466,-0.00709190658209682,-0.0015523846402378703,-0.00017066045957947956,0.00021703880067833333,-0.0012790663500628883,0.0018033936493964701,0.0007897444568940325,0.0029394921298817314,0.0006410949198264664,0.42111317760188494,5.969954842391108,0.3133954631059684,0.03137665409989328,0.0
0.16356083512193578,0.011629223482014527,0.0004076657228743257,0.0016662016621146318,0.006236907744573675,0.03638381280042911,0.1667848890851193,-0.10638253193976914,-0.0214875463638153,-0.001876972070998555,0.00030503527042515427,0.0005483863377509589,-9.236762504580871e-05,0.0159117545667152,0.02556551372549153,0.003723354131121154,0.002304169306746179,6.929281473135931e-05,0.0002028812720543354,-0.0009777144027080765,0.0005150802531198595,-0.0007749436789156749,-0.0008613178694509454,-0.0008174949563786545,-0.12537132572688936,-0.011553621168946343,-0.0002431668341038405,0.0008054233375096105,0.006616337065740831,0.03310674580290843,0.21465937767993998,0.07863387028530261,0.01975683828826028,0.0023543594951598635,0.0003097649595510963,0.00017432664912387665,-0.0012190365041599026,0.015677014170424233,-0.0003247967975128466,-0.00709190658209682,-0.0015523846402378703,-0.00017066045957947956,0.00021703880067833333,-0.0012790663500628883,0.0018033936493964701,0.0007897444568940325,0.0029394921298817314,0.0006410949198264664,0.42111601551537653,5.969952411818415,0.313387205963506,0.031378426961211375,0.0
0.16356083512193578,0.011629223482014527,0.0004076657228743257,0.0016662016621146318,0.006236907744573675,0.03638381280042911,0.1667848890851193,-0.10638253193976914,-0.0214875463638153,-0.001876972070998555,0.00030503527042515427,0.0005483863377509589,-9.236762504580871e-05,0.0159117545667152,0.025562957429748553,0.003723354131121154,0.002304169306746179,7.02928147313593e-05,0.0002028812720543354,-0.0009777144027080765,0.0005150802531198595,-0.0007749436789156749,-0.0008613178694509454,-0.0008174949563786545,-0.12537132572688936,-0.011553621168946343,-0.0002431668341038405,0.0008054233375096105,0.006616337065740831,0.03310674580290843,0.21465937767993998,0.07863387028530261,0.01975683828826028,0.0023543594951598635,0.0003097649595510963,0.00017432664912387665,-0.0012190365041599026,0.015677014170424233,-0.0003247967975128466,-0.00709190658209682,-0.0015523846402378703,-0.00017066045957947956,0.00021703880067833333,-0.0012790663500628883,0.0018033936493964701,0.0007897444568940325,0.0029394921298817314,0.0006410949198264664,0.421113437924669,5.969954327064572,0.3133884257262358,0.031381938547563125,0.0
0.16356083512193578,0.011629223482014527,0.0004076657228743257,0.0016662016621146318,0.006236907744573675,0.03638381280042911,0.1667848890851193,-0.10638253193976914,-0.0214875463638153,-0.001876972070998555,0.00030503527042515427,0.0005483863377509589,-9.236762504580871e-05,0.0159117545667152,0.025562957429748553,0.003723354131121154,0.002305169306746179,6.929281473135931e-05,0.0002028812720543354,-0.0009777144027080765,0.0005150802531198595,-0.0007749436789156749,-0.0008613178694509454,-0.0008174949563786545,-0.12537132572688936,-0.011553621168946343,-0.0002431668341038405,0.0008054233375096105,0.006616337065740831,0.03310674580290843,0.21465937767993998,0.07863387028530261,0.01975683828826028,0.0023543594951598635,0.0003097649595510963,0.00017432664912387665,-0.0012190365041599026,0.015677014170424233,-0.0003247967975128466,-0.00709190658209682,-0.0015523846402378703,-0.00017066045957947956,0.00021703880067833333,-0.0012790663500628883,0.0018033936493964701,0.0007897444568940325,0.0029394921298817314,0.0006410949198264664,0.42111332490510217,5.9699539877476315,0.3133861477355424,0.03137998254236368,0.0
0.16356083512193578,0.011629223482014527,0.0004076657228743257,0.0016662016621146318,0.006236907744573675,0.03638381280042911,0.1667848890851193,-0.10638253193976914,-0.0214875463638153,-0.001876972070998555,0.00030503527042515427,0.0005483863377509589,-9.236762504580871e-05,0.0159117545667152,0.025562957429748553,0.003723354131121154,0.002304169306746179,6.929281473135931e-05,0.0002028812720543354,-0.0009767144027080766,0.0005150802531198595,-0.0007749436789156749,-0.0008613178694509454,-0.0008174949563786545,-0.12537132572688936,-0.011553621168946343,-0.0002431668341038405,0.0008054233375096105,0.006616337065740831,0.03310674580290843,0.21465937767993998,0.07863387028530261,0.01975683828826028,0.0023543594951598635,0.0003097649595510963,0.00017432664912387665,-0.0012190365041599026,0.015677014170424233,-0.0003247967975128466,-0.00709190658209682,-0.0015523846402378703,-0.00017066045957947956,0.00021703880067833333,-0.0012790663500628883,0.0018033936493964701,0.0007897444568940325,0.0029394921298817314,0.0006410949198264664,0.42111331404177976,5.969954895709489,0.31339702541478415,0.03137970618518683,0.0
0.16356083512193578,0.011629223482014527,0.0004076657228743257,0.0016662016621146318,0.006236907744573675,0.03638381280042911,0.1667848890851193,-0.10638253193976914,-0.0214875463638153,-0.001876972070998555,0.00030503527042515427,0.0005483863377509589,-9.236762504580871e-05,0.0159117545667152,0.025562957429748553,0.003723354131121154,0.002304169306746179,6.929281473135931e-05,0.0002038812720543354,-0.0009777144027080765,0.0005150802531198595,-0.0007749436789156749,-0.0008613178694509454,-0.0008174949563786545,-0.12537132572688936,-0.011553621168946343,-0.0002431668341038405,0.0008054233375096105,0.006616337065740831,0.03310674580290843,0.21465937767993998,0.07863387028530261,0.01975683828826028,0.0023543594951598635,0.0003097649595510963,0.00017432664912387665,-0.0012190365041599026,0.015677014170424233,-0.0003247967975128466,-0.00709190658209682,-0.0015523846402378703,-0.00017066045957947956,0.00021703880067833333,-0.0012790663500628883,0.0018033936493964701,0.0007897444568940325,0.0029394921298817314,0.0006410949198264664,0.4211134547177297,5.9699541417968005,0.3133921159834092,0.03138022604669364,0.0
0.16356083512193578,0.011629223482014527,0.0004076657228743257,0.0016662016621146318,0.006236907744573675,0.03638381280042911,0.1667848890851193,-0.10638253193976914,-0.0214875463638153,-0.001876972070998555,0.00030503527042515427,0.0005483863377509589,-9.236762504580871e-05,0.0159117545667152,0.025562957429748553,0.003723354131121154,0.002304169306746179,6.929281473135931e-05,0.0002028812720543354,-0.0009777144027080765,0.0005150802531198595,-0.0007739436789156749,-0.0008613178694509454,-0.0008174949563786545,-0.12537132572688936,-0.011553621168946343,-0.0002431668341038405,0.0008054233375096105,0.006616337065740831,0.03310674580290843,0.21465937767993998,0.07863387028530261,0.01975683828826028,0.0023543594951598635,0.0003097649595510963,0.00017432664912387665,-0.0012190365041599026,0.015677014170424233,-0.0003247967975128466,-0.00709190658209682,-0.0015523846402378703,-0.00017066045957947956,0.00021703880067833333,-0.0012790663500628883,0.0018033936493964701,0.0007897444568940325,0.0029394921298817314,0.0006410949198264664,0.4211097241192813,5.9699545294974135,0.31342491645669573,0.03137842609050171,0.0
0.16356083512193578,0.011629223482014527,0.0004076657228743257,0.0016662016621146318,0.006236907744573675,0.03638381280042911,0.1667848890851193,-0.10638253193976914,-0.0214875463638153,-0.001876972070998555,0.00030503527042515427,0.0005483863377509589,-9.236762504580871e-05,0.0159117545667152,0.025562957429748553,0.003723354131121154,0.002304169306746179,6.929281473135931e-05,0.0002028812720543354,-0.0009777144027080765,0.0005160802531198595,-0.0007749436789156749,-0.0008613178694509454,-0.0008174949563786545,-0.12537132572688936,-0.011553621168946343,-0.0002431668341038405,0.0008054233375096105,0.006616337065740831,0.03310674580290843,0.21465937767993998,0.07863387028530261,0.01975683828826028,0.0023543594951598635,0.0003097649595510963,0.00017432664912387665,-0.0012190365041599026,0.015677014170424233,-0.0003247967975128466,-0.00709190658209682,-0.0015523846402378703,-0.00017066045957947956,0.00021703880067833333,-0.0012790663500628883,0.0018033936493964701,0.0007897444568940325,0.0029394921298817314,0.0006410949198264664,0.42111321879526264,5.969954646013486,0.31339966764725363,0.03137823162288018,0.0
0.16356083512193578,0.011629223482014527,0.0004076657228743257,0.0016662016621146318,0.006236907744573675,0.03638381280042911,0.1667848890851193,-0.10638253193976914,-0.0214875463638153,-0.001876972070998555,0.00030503527042515427,0.0005483863377509589,-9.236762504580871e-05,0.0159117545667152,0.025562957429748553,0.003723354131121154,0.002304169306746179,6.929281473135931e-05,0.0002028812720543354,-0.0009777144027080765,0.0005150802531198595,-0.0007749436789156749,-0.0008613178694509454,-0.0008164949563786545,-0.12537132572688936,-0.011553621168946343,-0.0002431668341038405,0.0008054233375096105,0.006616337065740831,0.03310674580290843,0.21465937767993998,0.07863387028530261,0.01975683828826028,0.0023543594951598635,0.0003097649595510963,0.00017432664912387665,-0.0012190365041599026,0.015677014170424233,-0.0003247967975128466,-0.00709190658209682,-0.0015523846402378703,-0.00017066045957947956,0.00021703880067833333,-0.0012790663500628883,0.0018033936493964701,0.0007897444568940325,0.0029394921298817314,0.0006410949198264664,0.4211132404992031,5.969954421835316,0.31339197251310436,0.03138023487756477,0.0
0.16356083512193578,0.011629223482014527,0.0004076657228743257,0.0016662016621146318,0.006236907744573675,0.03638381280042911,0.1667848890851193,-0.10638253193976914,-0.0214875463638153,-0.001876972070998555,0.00030503527042515427,0.0005483863377509589,-9.236762504580871e-05,0.0159117545667152,0.025562957429748553,0.003723354131121154,0.002304169306746179,6.929281473135931e-05,0.0002028812720543354,-0.0009777144027080765,0.0005150802531198595,-0.0007749436789156749,-0.0008603178694509454,-0.0008174949563786545,-0.12537132572688936,-0.011553621168946343,-0.0002431668341038405,0.0008054233375096105,0.006616337065740831,0.03310674580290843,0.21465937767993998,0.07863387028530261,0.01975683828826028,0.0023543594951598635,0.0003097649595510963,0.00017432664912387665,-0.0012190365041599026,0.015677014170424233,-0.0003247967975128466,-0.00709190658209682,-0.0015523846402378703,-0.00017066045957947956,0.00021703880067833333,-0.0012790663500628883,0.0018033936493964701,0.0007897444568940325,0.0029394921298817314,0.0006410949198264664,0.4211110357411205,5.969953393647518,0.3134235813612635,0.03137777020636755,0.0
0.16356083512193578,0.011629223482014527,0.0004076657228743257,0.0016662016621146318,0.006236907744573675,0.03638381280042911,0.1667848890851193,-0.10638253193976914,-0.0214875463638153,-0.001876972070998555,0.00030503527042515427,0.0005483863377509589,-9.236762504580871e-05,0.0159117545667152,0.025562957429748553,0.003723354131121154,0.002304169306746179,6.929281473135931e-05,0.0002028812720543354,-0.0009777144027080765,0.0005150802531198595,-0.0007749436789156749,-0.0008613178694509454,-0.0008174949563786545,-0.12537132572688936,-0.011552465806829448,-0.0002431668341038405,0.0008054233375096105,0.006616337065740831,0.03310674580290843,0.21465937767993998,0.07863387028530261,0.01975683828826028,0.0023543594951598635,0.0003097649595510963,0.00017432664912387665,-0.0012190365041599026,0.015677014170424233,-0.0003247967975128466,-0.00709190658209682,-0.0015523846402378703,-0.00017066045957947956,0.00021703880067833333,-0.0012790663500628883,0.0018033936493964701,0.0007897444568940325,0.0029394921298817314,0.0006410949198264664,0.4211135568870813,5.969954240386801,0.31340113979461576,0.03138110003105948,0.0
0.16356083512193578,0.011629223482014527,0.0004076657228743257,0.0016662016621146318,0.006236907744573675,0.03638381280042911,0.1667848890851193,-0.10638253193976914,-0.0214875463638153,-0.001876972070998555,0.00030503527042515427,0.0005483863377509589,-9.236762504580871e-05,0.0159117545667152,0.025562957429748553,0.003723354131121154,0.002304169306746179,6.929281473135931e-05,0.0002028812720543354,-0.0009777144027080765,0.0005150802531198595,-0.0007749436789156749,-0.0008613178694509454,-0.0008174949563786545,-0.12535878859431668,-0.011553621168946343,-0.0002431668341038405,0.0008054233375096105,0.006616337065740831,0.03310674580290843,0.21465937767993998,0.07863387028530261,0.01975683828826028,0.0023543594951598635,0.0003097649595510963,0.00017432664912387665,-0.0012190365041599026,0.015677014170424233,-0.0003247967975128466,-0.00709190658209682,-0.0015523846402378703,-0.00017066045957947956,0.00021703880067833333,-0.0012790663500628883,0.0018033936493964701,0.0007897444568940325,0.0029394921298817314,0.0006410949198264664,0.4211120835062773,5.969954240386801,0.31339509218875783,0.031379706513944776,0.0
0.16356083512193578,0.011629223482014527,0.0004076657228743257,0.0016662016621146318,0.006236907744573675,0.03638381280042911,0.1667848890851193,-0.10638253193976914,-0.0214875463638153,-0.001876972070998555,0.00030503527042515427,0.0005483863377509589,-9.236762504580871e-05,0.0159117545667152,0.025562957429748553,0.003723354131121154,0.002304169306746179,6.929281473135931e-05,0.0002028812720543354,-0.0009777144027080765,0.0005150802531198595,-0.0007749436789156749,-0.0008613178694509454,-0.0008174949563786545,-0.12537132572688936,-0.011553621168946343,-0.0002431668341038405,0.0008064233375096106,0.006616337065740831,0.03310674580290843,0.21465937767993998,0.07863387028530261,0.01975683828826028,0.0023543594951598635,0.0003097649595510963,0.00017432664912387665,-0.0012190365041599026,0.015677014170424233,-0.0003247967975128466,-0.00709190658209682,-0.0015523846402378703,-0.00017066045957947956,0.00021703880067833333,-0.0012790663500628883,0.0018033936493964701,0.0007897444568940325,0.0029394921298817314,0.0006410949198264664,0.421113517540864,5.969954215568149,0.313412313919226,0.03139574506372218,0.0
0.16356083512193578,0.011629223482014527,0.0004076657228743257,0.0016662016621146318,0.006236907744573675,0.03638381280042911,0.1667848890851193,-0.10638253193976914,-0.0214875463638153,-0.001876972070998555,0.00030503527042515427,0.0005483863377509589,-9.236762504580871e-05,0.0159117545667152,0.025562957429748553,0.003723354131121154,0.002304169306746179,6.929281473135931e-05,0.0002028812720543354,-0.0009777144027080765,0.0005150802531198595,-0.0007749436789156749,-0.0008613178694509454,-0.0008174949563786545,-0.12537132572688936,-0.011553621168946343,-0.0002421668341038405,0.0008054233375096105,0.006616337065740831,0.03310674580290843,0.21465937767993998,0.07863387028530261,0.01975683828826028,0.0023543594951598635,0.0003097649595510963,0.00017432664912387665,-0.0012190365041599026,0.015677014170424233,-0.0003247967975128466,-0.00709190658209682,-0.0015523846402378703,-0.00017066045957947956,0.00021703880067833333,-0.0012790663500628883,0.0018033936493964701,0.0007897444568940325,0.0029394921298817314,0.0006410949198264664,0.42111347528046494,5.969954240386801,0.3133965742480552,0.031378043078426565,0.0
0.16356083512193578,0.011629223482014527,0.0004076657228743257,0.0016662016621146318,0.006236907744573675,0.03638381280042911,0.1667848890851193,-0.10638253193976914,-0.0214875463638153,-0.001876972070998555,0.00030503527042515427,0.0005483863377509589,-9.236762504580871e-05,0.0159117545667152,0.025562957429748553,0.003723354131121154,0.002304169306746179,6.929281473135931e-05,0.0002028812720543354,-0.0009777144027080765,0.0005150802531198595,-0.0007749436789156749,-0.0008613178694509454,-0.0008174949563786545,-0.12537132572688936,-0.011553621168946343,-0.0002431668341038405,0.0008054233375096105,0.006616337065740831,0.03311005647748872,0.21465937767993998,0.07863387028530261,0.01975683828826028,0.0023543594951598635,0.0003097649595510963,0.00017432664912387665,-0.0012190365041599026,0.015677014170424233,-0.0003247967975128466,-0.00709190658209682,-0.0015523846402378703,-0.00017066045957947956,0.00021703880067833333,-0.0012790663500628883,0.0018033936493964701,0.0007897444568940325,0.0029394921298817314,0.0006410949198264664,0.4211134507457164,5.969949893161788,0.31344216912812917,0.031370633272971446,0.0
0.16356083512193578,0.011629223482014527,0.0004076657228743257,0.0016662016621146318,0.006236907744573675,0.03638381280042911,0.1667848890851193,-0.10638253193976914,-0.0214875463638153,-0.001876972070998555,0.00030503527042515427,0.0005483863377509589,-9.236762504580871e-05,0.0159117545667152,0.025562957429748553,0.003723354131121154,0.002304169306746179,6.929281473135931e-05,0.0002028812720543354,-0.0009777144027080765,0.0005150802531198595,-0.0007749436789156749,-0.0008613178694509454,-0.0008174949563786545,-0.12537132572688936,-0.011553621168946343,-0.0002431668341038405,0.0008054233375096105,0.006617337065740831,0.03310674580290843,0.21465937767993998,0.07863387028530261,0.01975683828826028,0.0023543594951598635,0.0003097649595510963,0.00017432664912387665,-0.0012190365041599026,0.015677014170424233,-0.0003247967975128466,-0.00709190658209682,-0.0015523846402378703,-0.00017066045957947956,0.00021703880067833333,-0.0012790663500628883,0.0018033936493964701,0.0007897444568940325,0.0029394921298817314,0.0006410949198264664,0.42111349475101373,5.969954382455967,0.3133901234065566,0.031361776547728995,0.0
0.16356083512193578,0.011629223482014527,0.0004076657228743257,0.0016662016621146318,0.006236907744573675,0.03638381280042911,0.1667848890851193,-0.10638253193976914,-0.0214875463638153,-0.001876972070998555,0.00030503527042515427,0.0005483863377509589,-9.236762504580871e-05,0.0159117545667152,0.025562957429748553,0.003723354131121154,0.002304169306746179,6.929281473135931e-05,0.0002028812720543354,-0.0009777144027080765,0.0005150802531198595,-0.0007749436789156749,-0.0008613178694509454,-0.0008174949563786545,-0.12537132572688936,-0.011553621168946343,-0.0002431668341038405,0.0008054233375096105,0.006616337065740831,0.03310674580290843,0.21465937767993998,0.07864173367233114,0.01975683828826028,0.0023543594951598635,0.0003097649595510963,0.00017432664912387665,-0.0012190365041599026,0.015677014170424233,-0.0003247967975128466,-0.00709190658209682,-0.0015523846402378703,-0.00017066045957947956,0.00021703880067833333,-0.0012790663500628883,0.0018033936493964701,0.0007897444568940325,0.0029394921298817314,0.0006410949198264664,0.42113452178676297,5.970066308050422,0.31333517587149873,0.03140500254519818,0.0
0.16356083512193578,0.011629223482014527,0.0004076657228743257,0.0016662016621146318,0.006236907744573675,0.03638381280042911,0.1667848890851193,-0.10638253193976914,-0.0214875463638153,-0.001876972070998555,0.00030503527042515427,0.0005483863377509589,-9.236762504580871e-05,0.0159117545667152,0.025562957429748553,0.003723354131121154,0.002304169306746179,6.929281473135931e-05,0.0002028812720543354,-0.0009777144027080765,0.0005150802531198595,-0.0007749436789156749,-0.0008613178694509454,-0.0008174949563786545,-0.12537132572688936,-0.011553621168946343,-0.0002431668341038405,0.0008054233375096105,0.006616337065740831,0.03310674580290843,0.21468084361770798,0.07863387028530261,0.01975683828826028,0.0023543594951598635,0.0003097649595510963,0.00017432664912387665,-0.0012190365041599026,0.015677014170424233,-0.0003247967975128466,-0.00709190658209682,-0.0015523846402378703,-0.00017066045957947956,0.00021703880067833333,-0.0012790663500628883,0.0018033936493964701,0.0007897444568940325,0.0029394921298817314,0.0006410949198264664,0.4210681957796571,5.969547464931125,0.31366409476936374,0.031347442617914716,0.0
0.16356083512193578,0.011629223482014527,0.0004076657228743257,0.0016662016621146318,0.006236907744573675,0.03638381280042911,0.1667848890851193,-0.10638253193976914,-0.0214875463638153,-0.001876972070998555,0.00030503527042515427,0.0005483863377509589,-9.236762504580871e-05,0.0159117545667152,0.025562957429748553,0.003723354131121154,0.002304169306746179,6.929281473135931e-05,0.0002028812720543354,-0.0009777144027080765,0.0005150802531198595,-0.0007749436789156749,-0.0008613178694509454,-0.0008174949563786545,-0.12537132572688936,-0.011553621168946343,-0.0002431668341038405,0.0008054233375096105,0.006616337065740831,0.03310674580290843,0.21465937767993998,0.07863387028530261,0.01975683828826028,0.0023553594951598636,0.0003097649595510963,0.00017432664912387665,-0.0012190365041599026,0.015677014170424233,-0.0003247967975128466,-0.00709190658209682,-0.0015523846402378703,-0.00017066045957947956,0.00021703880067833333,-0.0012790663500628883,0.0018033936493964701,0.0007897444568940325,0.0029394921298817314,0.0006410949198264664,0.4211135128467259,5.96995402899391,0.31340196588813873,0.03140607154876209,0.0
0.16356083512193578,0.011629223482014527,0.0004076657228743257,0.0016662016621146318,0.006236907744573675,0.03638381280042911,0.1667848890851193,-0.10638253193976914,-0.0214875463638153,-0.001876972070998555,0.00030503527042515427,0.0005483863377509589,-9.236762504580871e-05,0.0159117545667152,0.025562957429748553,0.003723354131121154,0.002304169306746179,6.929281473135931e-05,0.0002028812720543354,-0.0009777144027080765,0.0005150802531198595,-0.0007749436789156749,-0.0008613178694509454,-0.0008174949563786545,-0.12537132572688936,-0.011553621168946343,-0.0002431668341038405,0.0008054233375096105,0.006616337065740831,0.03310674580290843,0.21465937767993998,0.07863387028530261,0.019758813972089104,0.0023543594951598635,0.0003097649595510963,0.00017432664912387665,-0.0012190365041599026,0.015677014170424233,-0.0003247967975128466,-0.00709190658209682,-0.0015523846402378703,-0.00017066045957947956,0.00021703880067833333,-0.0012790663500628883,0.0018033936493964701,0.0007897444568940325,0.0029394921298817314,0.0006410949198264664,0.4211140809017433,5.969955829059189,0.3133691625743033,0.03139009798520194,0.0
0.16356083512193578,0.011629223482014527,0.0004076657228743257,0.0016662016621146318,0.006236907744573675,0.03638381280042911,0.1667848890851193,-0.10638253193976914,-0.0214875463638153,-0.001876972070998555,0.00030503527042515427,0.0005483863377509589,-9.236762504580871e-05,0.0159117545667152,0.025562957429748553,0.003723354131121154,0.002304169306746179,6.929281473135931e-05,0.0002028812720543354,-0.0009777144027080765,0.0005150802531198595,-0.0007749436789156749,-0.0008613178694509454,-0.0008174949563786545,-0.12537132572688936,-0.011553621168946343,-0.0002431668341038405,0.0008054233375096105,0.006616337065740831,0.03310674580290843,0.21465937767993998,0.07863387028530261,0.01975683828826028,0.0023543594951598635,0.0003097649595510963,0.00017532664912387665,-0.0012190365041599026,0.015677014170424233,-0.0003247967975128466,-0.00709190658209682,-0.0015523846402378703,-0.00017066045957947956,0.00021703880067833333,-0.0012790663500628883,0.0018033936493964701,0.0007897444568940325,0.0029394921298817314,0.0006410949198264664,0.4211135530335844,5.969954512156065,0.3134066200380628,0.03138401801297342,0.0
0.16356083512193578,0.011629223482014527,0.0004076657228743257,0.0016662016621146318,0.006236907744573675,0.03638381280042911,0.1667848890851193,-0.10638253193976914,-0.0214875463638153,-0.001876972070998555,0.00030503527042515427,0.0005483863377509589,-9.236762504580871e-05,0.0159117545667152,0.025562957429748553,0.003723354131121154,0.002304169306746179,6.929281473135931e-05,0.0002028812720543354,-0.0009777144027080765,0.0005150802531198595,-0.0007749436789156749,-0.0008613178694509454,-0.0008174949563786545,-0.12537132572688936,-0.011553621168946343,-0.0002431668341038405,0.0008054233375096105,0.006616337065740831,0.03310674580290843,0.21465937767993998,0.07863387028530261,0.01975683828826028,0.0023543594951598635,0.00031076495955109634,0.00017432664912387665,-0.0012190365041599026,0.015677014170424233,-0.0003247967975128466,-0.00709190658209682,-0.0015523846402378703,-0.00017066045957947956,0.00021703880067833333,-0.0012790663500628883,0.0018033936493964701,0.0007897444568940325,0.0029394921298817314,0.0006410949198264664,0.4211134770630989,5.9699543011295555,0.3133802645272732,0.03138981527474033,0.0
0.16356083512193578,0.011629223482014527,0.0004076657228743257,0.0016662016621146318,0.006236907744573675,0.03638381280042911,0.1667848890851193,-0.10638253193976914,-0.0214875463638153,-0.001876972070998555,0.00030503527042515427,0.0005483863377509589,-9.236762504580871e-05,0.0159117545667152,0.025562957429748553,0.003723354131121154,0.002304169306746179,6.929281473135931e-05,0.0002028812720543354,-0.0009777144027080765,0.0005150802531198595,-0.0007749436789156749,-0.0008613178694509454,-0.0008174949563786545,-0.12537132572688936,-0.011553621168946343,-0.0002431668341038405,0.0008054233375096105,0.006616337065740831,0.03310674580290843,0.21465937767993998,0.07863387028530261,0.01975683828826028,0.0023543594951598635,0.0003097649595510963,0.00017432664912387665,-0.0012190365041599026,0.015678581871841277,-0.0003247967975128466,-0.00709190658209682,-0.0015523846402378703,-0.00017066045957947956,0.00021703880067833333,-0.0012790663500628883,0.0018033936493964701,0.0007897444568940325,0.0029394921298817314,0.0006410949198264664,0.4211137000822345,5.969953542766601,0.31339561411176653,0.03137983654416051,0.0
0.16356083512193578,0.011629223482014527,0.0004076657228743257,0.0016662016621146318,0.006236907744573675,0.03638381280042911,0.1667848890851193,-0.10638253193976914,-0.0214875463638153,-0.001876972070998555,0.00030503527042515427,0.0005483863377509589,-9.236762504580871e-05,0.0159117545667152,0.025562957429748553,0.003723354131121154,0.002304169306746179,6.929281473135931e-05,0.0002028812720543354,-0.0009777144027080765,0.0005150802531198595,-0.0007749436789156749,-0.0008613178694509454,-0.0008174949563786545,-0.12537132572688936,-0.011553621168946343,-0.0002431668341038405,0.0008054233375096105,0.006616337065740831,0.03310674580290843,0.21465937767993998,0.07863387028530261,0.01975683828826028,0.0023543594951598635,0.0003097649595510963,0.00017432664912387665,-0.0012180365041599027,0.015677014170424233,-0.0003247967975128466,-0.00709190658209682,-0.0015523846402378703,-0.00017066045957947956,0.00021703880067833333,-0.0012790663500628883,0.0018033936493964701,0.0007897444568940325,0.0029394921298817314,0.0006410949198264664,0.4211136603845269,5.969955943079436,0.31338684312881343,0.03137809363778767,0.0
0.16356083512193578,0.011629223482014527,0.0004076657228743257,0.0016662016621146318,0.006236907744573675,0.03638381280042911,0.1667848890851193,-0.10638253193976914,-0.0214875463638153,-0.001876972070998555,0.00030503527042515427,0.0005483863377509589,-9.236762504580871e-05,0.0159117545667152,0.025562957429748553,0.003723354131121154,0.002304169306746179,6.929281473135931e-05,0.0002028812720543354,-0.0009777144027080765,0.0005150802531198595,-0.0007749436789156749,-0.0008613178694509454,-0.0008174949563786545,-0.12537132572688936,-0.011553621168946343,-0.0002431668341038405,0.0008054233375096105,0.006616337065740831,0.03310674580290843,0.21465937767993998,0.07863387028530261,0.01975683828826028,0.0023543594951598635,0.0003097649595510963,0.00017432664912387665,-0.0012190365041599026,0.015677014170424233,-0.0003247967975128466,-0.00709090658209682,-0.0015523846402378703,-0.00017066045957947956,0.00021703880067833333,-0.0012790663500628883,0.0018033936493964701,0.0007897444568940325,0.0029394921298817314,0.0006410949198264664,0.4211131004850607,5.969954821401624,0.3133964031115886,0.03137803485013872,0.0
0.16356083512193578,0.011629223482014527,0.0004076657228743257,0.0016662016621146318,0.006236907744573675,0.03638381280042911,0.1667848890851193,-0.10638253193976914,-0.0214875463638153,-0.001876972070998555,0.00030503527042515427,0.0005483863377509589,-9.236762504580871e-05,0.0159117545667152,0.025562957429748553,0.003723354131121154,0.002304169306746179,6.929281473135931e-05,0.0002028812720543354,-0.0009777144027080765,0.0005150802531198595,-0.0007749436789156749,-0.0008613178694509454,-0.0008174949563786545,-0.12537132572688936,-0.011553621168946343,-0.0002431668341038405,0.0008054233375096105,0.006616337065740831,0.03310674580290843,0.21465937767993998,0.07863387028530261,0.01975683828826028,0.0023543594951598635,0.0003097649595510963,0.00017432664912387665,-0.0012190365041599026,0.015677014170424233,-0.00032379679751284656,-0.00709190658209682,-0.0015523846402378703,-0.00017066045957947956,0.00021703880067833333,-0.0012790663500628883,0.0018033936493964701,0.0007897444568940325,0.0029394921298817314,0.0006410949198264664,0.42111408147115575,5.969945650800973,0.31339271111671135,0.031378530603481426,0.0
0.16356083512193578,0.011629223482014527,0.0004076657228743257,0.0016662016621146318,0.006236907744573675,0.03638381280042911,0.1667848890851193,-0.10638253193976914,-0.0214875463638153,-0.001876972070998555,0.00030503527042515427,0.0005483863377509589,-9.236762504580871e-05,0.0159117545667152,0.025562957429748553,0.003723354131121154,0.002304169306746179,6.929281473135931e-05,0.0002028812720543354,-0.0009777144027080765,0.0005150802531198595,-0.0007749436789156749,-0.0008613178694509454,-0.0008174949563786545,-0.12537132572688936,-0.011553621168946343,-0.0002431668341038405,0.0008054233375096105,0.006616337065740831,0.03310674580290843,0.21465937767993998,0.07863387028530261,0.01975683828826028,0.0023543594951598635,0.0003097649595510963,0.00017432664912387665,-0.0012190365041599026,0.015677014170424233,-0.0003247967975128466,-0.00709190658209682,-0.0015523846402378703,-0.00016966045957947956,0.00021703880067833333,-0.0012790663500628883,0.0018033936493964701,0.0007897444568940325,0.0029394921298817314,0.0006410949198264664,0.4211135151621589,5.969954254977038,0.3134112876821019,0.03137984200484929,0.0
0.16356083512193578,0.011629223482014527,0.0004076657228743257,0.0016662016621146318,0.006236907744573675,0.03638381280042911,0.1667848890851193,-0.10638253193976914,-0.0214875463638153,-0.001876972070998555,0.00030503527042515427,0.0005483863377509589,-9.236762504580871e-05,0.0159117545667152,0.025562957429748553,0.003723354131121154,0.002304169306746179,6.929281473135931e-05,0.0002028812720543354,-0.0009777144027080765,0.0005150802531198595,-0.0007749436789156749,-0.0008613178694509454,-0.0008174949563786545,-0.12537132572688936,-0.011553621168946343,-0.0002431668341038405,0.0008054233375096105,0.006616337065740831,0.03310674580290843,0.21465937767993998,0.07863387028530261,0.01975683828826028,0.0023543594951598635,0.0003097649595510963,0.00017432664912387665,-0.0012190365041599026,0.015677014170424233,-0.0003247967975128466,-0.00709190658209682,-0.0015513846402378704,-0.00017066045957947956,0.00021703880067833333,-0.0012790663500628883,0.0018033936493964701,0.0007897444568940325,0.0029394921298817314,0.0006410949198264664,0.42111370127801934,5.969954309257153,0.3133858424414982,0.03138104279861023,0.0
0.16356083512193578,0.011629223482014527,0.0004076657228743257,0.0016662016621146318,0.006236907744573675,0.03638381280042911,0.1667848890851193,-0.10638253193976914,-0.0214875463638153,-0.001876972070998555,0.00030503527042515427,0.0005483863377509589,-9.236762504580871e-05,0.0159117545667152,0.025562957429748553,0.003723354131121154,0.002304169306746179,6.929281473135931e-05,0.0002028812720543354,-0.0009777144027080765,0.0005150802531198595,-0.0007749436789156749,-0.0008613178694509454,-0.0008174949563786545,-0.12537132572688936,-0.011553621168946343,-0.0002431668341038405,0.0008054233375096105,0.006616337065740831,0.03310674580290843,0.21465937767993998,0.07863387028530261,0.01975683828826028,0.0023543594951598635,0.0003097649595510963,0.00017432664912387665,-0.0012190365041599026,0.015677014170424233,-0.0003247967975128466,-0.00709190658209682,-0.0015523846402378703,-0.00017066045957947956,0.00021703880067833333,-0.0012780663500628884,0.0018033936493964701,0.0007897444568940325,0.0029394921298817314,0.0006410949198264664,0.42111346739796085,5.96995479117613,0.31340555902229933,0.031378415008305946,0.0
0.16356083512193578,0.011629223482014527,0.0004076657228743257,0.0016662016621146318,0.006236907744573675,0.03638381280042911,0.1667848890851193,-0.10638253193976914,-0.0214875463638153,-0.001876972070998555,0.00030503527042515427,0.0005483863377509589,-9.236762504580871e-05,0.0159117545667152,0.025562957429748553,0.003723354131121154,0.002304169306746179,6.929281473135931e-05,0.0002028812720543354,-0.0009777144027080765,0.0005150802531198595,-0.0007749436789156749,-0.0008613178694509454,-0.0008174949563786545,-0.12537132572688936,-0.011553621168946343,-0.0002431668341038405,0.0008054233375096105,0.006616337065740831,0.03310674580290843,0.21465937767993998,0.07863387028530261,0.01975683828826028,0.0023543594951598635,0.0003097649595510963,0.00017432664912387665,-0.0012190365041599026,0.015677014170424233,-0.0003247967975128466,-0.00709190658209682,-0.0015523846402378703,-0.00017066045957947956,0.00021803880067833333,-0.0012790663500628883,0.0018033936493964701,0.0007897444568940325,0.0029394921298817314,0.0006410949198264664,0.42111345444115805,5.969954192519022,0.31339581430958363,0.031379856995414554,0.0
0.16356083512193578,0.011629223482014527,0.0004076657228743257,0.0016662016621146318,0.006236907744573675,0.03638381280042911,0.1667848890851193,-0.10638253193976914,-0.0214875463638153,-0.001876972070998555,0.00030503527042515427,0.0005483863377509589,-9.236762504580871e-05,0.0159117545667152,0.025562957429748553,0.003723354131121154,0.002304169306746179,6.929281473135931e-05,0.0002028812720543354,-0.0009777144027080765,0.0005150802531198595,-0.0007749436789156749,-0.0008613178694509454,-0.0008174949563786545,-0.12537132572688936,-0.011553621168946343,-0.0002431668341038405,0.0008054233375096105,0.006616337065740831,0.03310674580290843,0.21465937767993998,0.07863387028530261,0.01975683828826028,0.0023543594951598635,0.0003097649595510963,0.00017432664912387665,-0.0012190365041599026,0.015677014170424233,-0.0003247967975128466,-0.00709190658209682,-0.0015523846402378703,-0.00017066045957947956,0.00021703880067833333,-0.0012790663500628883,0.0018033936493964701,0.0007907444568940325,0.0029394921298817314,0.0006410949198264664,0.42111001953519284,5.969955304509502,0.31342434094089994,0.03137824958584015,0.0
0.16356083512193578,0.011629223482014527,0.0004076657228743257,0.0016662016621146318,0.006236907744573675,0.03638381280042911,0.1667848890851193,-0.10638253193976914,-0.0214875463638153,-0.001876972070998555,0.00030503527042515427,0.0005483863377509589,-9.236762504580871e-05,0.0159117545667152,0.025562957429748553,0.003723354131121154,0.002304169306746179,6.929281473135931e-05,0.0002028812720543354,-0.0009777144027080765,0.0005150802531198595,-0.0007749436789156749,-0.0008613178694509454,-0.0008174949563786545,-0.12537132572688936,-0.011553621168946343,-0.0002431668341038405,0.0008054233375096105,0.006616337065740831,0.03310674580290843,0.21465937767993998,0.07863387028530261,0.01975683828826028,0.0023543594951598635,0.0003097649595510963,0.00017432664912387665,-0.0012190365041599026,0.015677014170424233,-0.0003247967975128466,-0.00709190658209682,-0.0015523846402378703,-0.00017066045957947956,0.00021703880067833333,-0.0012790663500628883,0.00180439364939647,0.0007897444568940325,0.0029394921298817314,0.0006410949198264664,0.4211129087053353,5.969955099817854,0.31340271899406535,0.03137779365332768,0.0
0.16356083512193578,0.011629223482014527,0.0004076657228743257,0.0016662016621146318,0.006236907744573675,0.03638381280042911,0.1667848890851193,-0.10638253193976914,-0.0214875463638153,-0.001876972070998555,0.00030503527042515427,0.0005483863377509589,-9.236762504580871e-05,0.0159117545667152,0.025562957429748553,0.003723354131121154,0.002304169306746179,6.929281473135931e-05,0.0002028812720543354,-0.0009777144027080765,0.0005150802531198595,-0.0007749436789156749,-0.0008613178694509454,-0.0008174949563786545,-0.12537132572688936,-0.011553621168946343,-0.0002431668341038405,0.0008054233375096105,0.006616337065740831,0.03310674580290843,0.21465937767993998,0.07863387028530261,0.01975683828826028,0.0023543594951598635,0.0003097649595510963,0.00017432664912387665,-0.0012190365041599026,0.015677014170424233,-0.0003247967975128466,-0.00709190658209682,-0.0015523846402378703,-0.00017066045957947956,0.00021703880067833333,-0.0012790663500628883,0.0018033936493964701,0.0007897444568940325,0.0029394921298817314,0.0006420949198264665,0.42111395625899833,5.969954272396672,0.31339328173777165,0.0313791258471042,0.0
0.16356083512193578,0.011629223482014527,0.0004076657228743257,0.0016662016621146318,0.006236907744573675,0.03638381280042911,0.1667848890851193,-0.10638253193976914,-0.0214875463638153,-0.001876972070998555,0.00030503527042515427,0.0005483863377509589,-9.236762504580871e-05,0.0159117545667152,0.025562957429748553,0.003723354131121154,0.002304169306746179,6.929281473135931e-05,0.0002028812720543354,-0.0009777144027080765,0.0005150802531198595,-0.0007749436789156749,-0.0008613178694509454,-0.0008174949563786545,-0.12537132572688936,-0.011553621168946343,-0.0002431668341038405,0.0008054233375096105,0.006616337065740831,0.03310674580290843,0.21465937767993998,0.07863387028530261,0.01975683828826028,0.0023543594951598635,0.0003097649595510963,0.00017432664912387665,-0.0012190365041599026,0.015677014170424233,-0.0003247967975128466,-0.00709190658209682,-0.0015523846402378703,-0.00017066045957947956,0.00021703880067833333,-0.0012790663500628883,0.0018033936493964701,0.0007897444568940325,0.0029404921298817315,0.0006410949198264664,0.42111699844395,5.969953708482074,0.31337858138531227,0.03137783073214563,0.0
0.1635626485581768,0.011626363467201648,0.0004172279924105633,0.0016786024219815458,0.006253171537335127,0.03638386811918359,0.16678451726722401,-0.10638562554467769,-0.02147496381546859,-0.0018653811007014389,0.0003087690300968191,0.0005440157747921397,-9.288280139804833e-05,0.015911980827064236,0.025566039862305705,0.003725421868428767,0.0023127796922964476,7.627063262999952e-05,0.00020727156416132839,-0.000976785051102525,0.0005141597334491279,-0.0007937024637052991,-0.0008791270458304103,-0.0008130027866458426,-0.12537114291484341,-0.011555346561122335,-0.00024190091032928398,0.0007953684828202664,0.00662234644581562,0.03309742778869664,0.21465063671860504,0.07863951670956937,0.019767205977044146,0.0023514944782668887,0.00032241445745404544,0.000168427872372504,-0.001210896138006457,0.015678241493495927,-0.00032081236908672116,-0.007090518808628663,-0.0015435720155079062,-0.0001798079676098365,0.00021882081702318304,-0.0012841501826476903,0.001800323105016549,0.0007713948277627239,0.0029534715019946026,0.000644675107917976,0.421392085503126,5.970193005485559,0.3088817171349794,0.03263104189085706,0.0
0.1635626485581768,0.011626363467201648,0.0004172279924105633,0.0016786024219815458,0.006253171537335127,0.03638386811918359,0.16678451726722401,-0.10638562554467769,-0.02147496381546859,-0.0018653811007014389,0.0003087690300968191,0.0005440157747921397,-9.288280139804833e-05,0.015911980827064236,0.025566039862305705,0.003725421868428767,0.0023127796922964476,7.627063262999952e-05,0.00020727156416132839,-0.000976785051102525,0.0005141597334491279,-0.0007937024637052991,-0.0008791270458304103,-0.0008130027866458426,-0.12537114291484341,-0.011555346561122335,-0.00024190091032928398,0.0007953684828202664,0.00662234644581562,0.03309742778869664,0.21465063671860504,0.07863951670956937,0.019767205977044146,0.0023514944782668887,0.00032241445745404544,0.000168427872372504,-0.001210896138006457,0.015678241493495927,-0.00032081236908672116,-0.007090518808628663,-0.0015435720155079062,-0.0001798079676098365,0.00021882081702318304,-0.0012841501826476903,0.001800323105016549,0.0007713948277627239,0.0029534715019946026,0.000644675107917976,0.421392085503126,5.970193005485559,0.3088817171349794,0.03263104189085706,0.0
0.1635626485581768,0.011627526103548369,0.0004172279924105633,0.0016786024219815458,0.006253171537335127,0.03638386811918359,0.16678451726722401,-0.10638562554467769,-0.02147496381546859,-0.0018653811007014389,0.0003087690300968191,0.0005440157747921397,-9.288280139804833e-05,0.015911980827064236,0.025566039862305705,0.003725421868428767,0.0023127796922964476,7.627063262999952e-05,0.00020727156416132839,-0.000976785051102525,0.0005141597334491279,-0.0007937024637052991,-0.0008791270458304103,-0.0008130027866458426,-0.12537114291484341,-0.011555346561122335,-0.00024190091032928398,0.0007953684828202664,0.00662234644581562,0.03309742778869664,0.21465063671860504,0.07863951670956937,0.019767205977044146,0.0023514944782668887,0.00032241445745404544,0.000168427872372504,-0.001210896138006457,0.015678241493495927,-0.00032081236908672116,-0.007090518808628663,-0.0015435720155079062,-0.0001798079676098365,0.00021882081702318304,-0.0012841501826476903,0.001800323105016549,0.0007713948277627239,0.0029534715019946026,0.000644675107917976,0.4213920689696309,5.970192997241213,0.3088876188464515,0.0326333922795073,0.0
0.16357900482303261,0.011626363467201648,0.0004172279924105633,0.0016786024219815458,0.006253171537335127,0.03638386811918359,0.16678451726722401,-0.10638562554467769,-0.02147496381546859,-0.0018653811007014389,0.0003087690300968191,0.0005440157747921397,-9.288280139804833e-05,0.015911980827064236,0.025566039862305705,0.003725421868428767,0.0023127796922964476,7.627063262999952e-05,0.00020727156416132839,-0.000976785051102525,0.0005141597334491279,-0.0007937024637052991,-0.0008791270458304103,-0.0008130027866458426,-0.12537114291484341,-0.011555346561122335,-0.00024190091032928398,0.0007953684828202664,0.00662234644581562,0.03309742778869664,0.21465063671860504,0.07863951670956937,0.019767205977044146,0.0023514944782668887,0.00032241445745404544,0.000168427872372504,-0.001210896138006457,0.015678241493495927,-0.00032081236908672116,-0.007090518808628663,-0.0015435720155079062,-0.0001798079676098365,0.00021882081702318304,-0.0012841501826476903,0.001800323105016549,0.0007713948277627239,0.0029534715019946026,0.000644675107917976,0.42139444469058135,5.970193856219995,0.30884407438527334,0.03263405224536802,0.0
0.1635626485581768,0.011626363467201648,0.0004182279924105633,0.0016786024219815458,0.006253171537335127,0.03638386811918359,0.16678451726722401,-0.10638562554467769,-0.02147496381546859,-0.0018653811007014389,0.0003087690300968191,0.0005440157747921397,-9.288280139804833e-05,0.015911980827064236,0.025566039862305705,0.003725421868428767,0.0023127796922964476,7.627063262999952e-05,0.00020727156416132839,-0.000976785051102525,0.0005141597334491279,-0.0007937024637052991,-0.0008791270458304103,-0.0008130027866458426,-0.12537114291484341,-0.011555346561122335,-0.00024190091032928398,0.0007953684828202664,0.00662234644581562,0.03309742778869664,0.21465063671860504,0.07863951670956937,0.019767205977044146,0.0023514944782668887,0.00032241445745404544,0.000168427872372504,-0.001210896138006457,0.015678241493495927,-0.00032081236908672116,-0.007090518808628663,-0.0015435720155079062,-0.0001798079676098365,0.00021882081702318304,-0.0012841501826476903,0.001800323105016549,0.0007713948277627239,0.0029534715019946026,0.000644675107917976,0.4213920926638765,5.970193038005281,0.3088651554285695,0.032635730448754674,0.0
0.1635626485581768,0.011626363467201648,0.0004172279924105633,0.0016796024219815457,0.006253171537335127,0.03638386811918359,0.16678451726722401,-0.10638562554467769,-0.02147496381546859,-0.0018653811007014389,0.0003087690300968191,0.0005440157747921397,-9.288280139804833e-05,0.015911980827064236,0.025566039862305705,0.003725421868428767,0.0023127796922964476,7.627063262999952e-05,0.00020727156416132839,-0.000976785051102525,0.0005141597334491279,-0.0007937024637052991,-0.0008791270458304103,-0.0008130027866458426,-0.12537114291484341,-0.011555346561122335,-0.00024190091032928398,0.0007953684828202664,0.00662234644581562,0.03309742778869664,0.21465063671860504,0.07863951670956937,0.019767205977044146,0.0023514944782668887,0.00032241445745404544,0.000168427872372504,-0.001210896138006457,0.015678241493495927,-0.00032081236908672116,-0.007090518808628663,-0.0015435720155079062,-0.0001798079676098365,0.00021882081702318304,-0.0012841501826476903,0.001800323105016549,0.0007713948277627239,0.0029534715019946026,0.000644675107917976,0.42139204465948976,5.970193105066435,0.3082587432205394,0.03266823100183375,0.0
0.1635626485581768,0.011626363467201648,0.0004172279924105633,0.0016786024219815458,0.006253171537335127,0.03638750650599551,0.16678451726722401,-0.10638562554467769,-0.02147496381546859,-0.0018653811007014389,0.0003087690300968191,0.0005440157747921397,-9.288280139804833e-05,0.015911980827064236,0.025566039862305705,0.003725421868428767,0.0023127796922964476,7.627063262999952e-05,0.00020727156416132839,-0.000976785051102525,0.0005141597334491279,-0.0007937024637052991,-0.0008791270458304103,-0.0008130027866458426,-0.12537114291484341,-0.011555346561122335,-0.00024190091032928398,0.0007953684828202664,0.00662234644581562,0.03309742778869664,0.21465063671860504,0.07863951670956937,0.019767205977044146,0.0023514944782668887,0.00032241445745404544,0.000168427872372504,-0.001210896138006457,0.015678241493495927,-0.00032081236908672116,-0.007090518808628663,-0.0015435720155079062,-0.0001798079676098365,0.00021882081702318304,-0.0012841501826476903,0.001800323105016549,0.0007713948277627239,0.0029534715019946026,0.000644675107917976,0.42139148177783153,5.9701934229260205,0.3082946066473868,0.032656809308911953,0.0
0.1635626485581768,0.011626363467201648,0.0004172279924105633,0.0016786024219815458,0.006254171537335127,0.03638386811918359,0.16678451726722401,-0.10638562554467769,-0.02147496381546859,-0.0018653811007014389,0.0003087690300968191,0.0005440157747921397,-9.288280139804833e-05,0.015911980827064236,0.025566039862305705,0.003725421868428767,0.0023127796922964476,7.627063262999952e-05,0.00020727156416132839,-0.000976785051102525,0.0005141597334491279,-0.0007937024637052991,-0.0008791270458304103,-0.0008130027866458426,-0.12537114291484341,-0.011555346561122335,-0.00024190091032928398,0.0007953684828202664,0.00662234644581562,0.03309742778869664,0.21465063671860504,0.07863951670956937,0.019767205977044146,0.0023514944782668887,0.00032241445745404544,0.000168427872372504,-0.001210896138006457,0.015678241493495927,-0.00032081236908672116,-0.007090518808628663,-0.0015435720155079062,-0.0001798079676098365,0.00021882081702318304,-0.0012841501826476903,0.001800323105016549,0.0007713948277627239,0.0029534715019946026,0.000644675107917976,0.4213920407733775,5.970193142679384,0.3082551102301639,0.032647130709147924,0.0
0.1635626485581768,0.011626363467201648,0.0004172279924105633,0.0016786024219815458,0.006253171537335127,0.03638386811918359,0.16678451726722401,-0.10637498698212322,-0.02147496381546859,-0.0018653811007014389,0.0003087690300968191,0.0005440157747921397,-9.288280139804833e-05,0.015911980827064236,0.025566039862305705,0.003725421868428767,0.0023127796922964476,7.627063262999952e-05,0.00020727156416132839,-0.000976785051102525,0.0005141597334491279,-0.0007937024637052991,-0.0008791270458304103,-0.0008130027866458426,-0.12537114291484341,-0.011555346561122335,-0.00024190091032928398,0.0007953684828202664,0.00662234644581562,0.03309742778869664,0.21465063671860504,0.07863951670956937,0.019767205977044146,0.0023514944782668887,0.00032241445745404544,0.000168427872372504,-0.001210896138006457,0.015678241493495927,-0.00032081236908672116,-0.007090518808628663,-0.0015435720155079062,-0.0001798079676098365,0.00021882081702318304,-0.0012841501826476903,0.001800323105016549,0.0007713948277627239,0.0029534715019946026,0.000644675107917976,0.42135924327694174,5.970156569082927,0.3081612906883308,0.03267724407014933,0.0
0.1635626485581768,0.011626363467201648,0.0004172279924105633,0.0016786024219815458,0.006253171537335127,0.03638386811918359,0.16680119571895075,-0.10638562554467769,-0.02147496381546859,-0.0018653811007014389,0.0003087690300968191,0.0005440157747921397,-9.288280139804833e-05,0.015911980827064236,0.025566039862305705,0.003725421868428767,0.0023127796922964476,7.627063262999952e-05,0.00020727156416132839,-0.000976785051102525,0.0005141597334491279,-0.0007937024637052991,-0.0008791270458304103,-0.0008130027866458426,-0.12537114291484341,-0.011555346561122335,-0.00024190091032928398,0.0007953684828202664,0.00662234644581562,0.03309742778869664,0.21465063671860504,0.07863951670956937,0.019767205977044146,0.0023514944782668887,0.00032241445745404544,0.000168427872372504,-0.001210896138006457,0.015678241493495927,-0.00032081236908672116,-0.007090518808628663,-0.0015435720155079062,-0.0001798079676098365,0.00021882081702318304,-0.0012841501826476903,0.001800323105016549,0.0007713948277627239,0.0029534715019946026,0.000644675107917976,0.4213787819159143,5.969863495952422,0.3081108030035669,0.03266183751282458,0.0
0.1635626485581768,0.011626363467201648,0.0004172279924105633,0.0016786024219815458,0.006253171537335127,0.03638386811918359,0.16678451726722401,-0.10638562554467769,-0.02147496381546859,-0.001864381100701439,0.0003087690300968191,0.0005440157747921397,-9.288280139804833e-05,0.015911980827064236,0.025566039862305705,0.003725421868428767,0.0023127796922964476,7.627063262999952e-05,0.00020727156416132839,-0.000976785051102525,0.0005141597334491279,-0.0007937024637052991,-0.0008791270458304103,-0.0008130027866458426,-0.12537114291484341,-0.011555346561122335,-0.00024190091032928398,0.0007953684828202664,0.00662234644581562,0.03309742778869664,0.21465063671860504,0.07863951670956937,0.019767205977044146,0.0023514944782668887,0.00032241445745404544,0.000168427872372504,-0.001210896138006457,0.015678241493495927,-0.00032081236908672116,-0.007090518808628663,-0.0015435720155079062,-0.0001798079676098365,0.00021882081702318304,-0.0012841501826476903,0.001800323105016549,0.0007713948277627239,0.0029534715019946026,0.000644675107917976,0.4213921228621363,5.970193174153734,0.3082597896530984,0.03266843907011292,0.0
0.1635626485581768,0.011626363467201648,0.0004172279924105633,0.0016786024219815458,0.006253171537335127,0.03638386811918359,0.16678451726722401,-0.10638562554467769,-0.021472816319087044,-0.0018653811007014389,0.0003087690300968191,0.0005440157747921397,-9.288280139804833e-05,0.015911980827064236,0.025566039862305705,0.003725421868428767,0.0023127796922964476,7.627063262999952e-05,0.00020727156416132839,-0.000976785051102525,0.0005141597334491279,-0.0007937024637052991,-0.0008791270458304103,-0.0008130027866458426,-0.12537114291484341,-0.011555346561122335,-0.00024190091032928398,0.0007953684828202664,0.00662234644581562,0.03309742778869664,0.21465063671860504,0.07863951670956937,0.019767205977044146,0.0023514944782668887,0.00032241445745404544,0.000168427872372504,-0.001210896138006457,0.015678241493495927,-0.00032081236908672116,-0.007090518808628663,-0.0015435720155079062,-0.0001798079676098365,0.00021882081702318304,-0.0012841501826476903,0.001800323105016549,0.0007713948277627239,0.0029534715019946026,0.000644675107917976,0.42139183233716004,5.970192026566882,0.308242039086114,0.03264964958324807,0.0
0.1635626485581768,0.011626363467201648,0.0004172279924105633,0.0016786024219815458,0.006253171537335127,0.03638386811918359,0.16678451726722401,-0.10638562554467769,-0.02147496381546859,-0.0018653811007014389,0.0003087690300968191,0.0005450157747921398,-9.288280139804833e-05,0.015911980827064236,0.025566039862305705,0.003725421868428767,0.0023127796922964476,7.627063262999952e-05,0.00020727156416132839,-0.000976785051102525,0.0005141597334491279,-0.0007937024637052991,-0.0008791270458304103,-0.0008130027866458426,-0.12537114291484341,-0.011555346561122335,-0.00024190091032928398,0.0007953684828202664,0.00662234644581562,0.03309742778869664,0.21465063671860504,0.07863951670956937,0.019767205977044146,0.0023514944782668887,0.00032241445745404544,0.000168427872372504,-0.001210896138006457,0.015678241493495927,-0.00032081236908672116,-0.007090518808628663,-0.0015435720155079062,-0.0001798079676098365,0.00021882081702318304,-0.0012841501826476903,0.001800323105016549,0.0007713948277627239,0.0029534715019946026,0.000644675107917976,0.421392103049683,5.970193395007099,0.308893351541627,0.03263620253686618,0.0
0.1635626485581768,0.011626363467201648,0.0004172279924105633,0.0016786024219815458,0.006253171537335127,0.03638386811918359,0.16678451726722401,-0.10638562554467769,-0.02147496381546859,-0.0018653811007014389,0.00030976903009681913,0.0005440157747921397,-9.288280139804833e-05,0.015911980827064236,0.025566039862305705,0.003725421868428767,0.0023127796922964476,7.627063262999952e-05,0.00020727156416132839,-0.000976785051102525,0.0005141597334491279,-0.0007937024637052991,-0.0008791270458304103,-0.0008130027866458426,-0.12537114291484341,-0.011555346561122335,-0.00024190091032928398,0.0007953684828202664,0.00662234644581562,0.03309742778869664,0.21465063671860504,0.07863951670956937,0.019767205977044146,0.0023514944782668887,0.00032241445745404544,0.000168427872372504,-0.001210896138006457,0.015678241493495927,-0.00032081236908672116,-0.007090518808628663,-0.0015435720155079062,-0.0001798079676098365,0.00021882081702318304,-0.0012841501826476903,0.001800323105016549,0.0007713948277627239,0.0029534715019946026,0.000644675107917976,0.4213920871586601,5.970193030451297,0.30887856279237597,0.03264550591535888,0.0
0.1635626485581768,0.011626363467201648,0.0004172279924105633,0.0016786024219815458,0.006253171537335127,0.03638386811918359,0.16678451726722401,-0.10638562554467769,-0.02147496381546859,-0.0018653811007014389,0.0003087690300968191,0.0005440157747921397,-9.288280139804833e-05,0.01591357202514694,0.025566039862305705,0.003725421868428767,0.0023127796922964476,7.627063262999952e-05,0.00020727156416132839,-0.000976785051102525,0.0005141597334491279,-0.0007937024637052991,-0.0008791270458304103,-0.0008130027866458426,-0.12537114291484341,-0.011555346561122335,-0.00024190091032928398,0.0007953684828202664,0.00662234644581562,0.03309742778869664,0.21465063671860504,0.07863951670956937,0.019767205977044146,0.0023514944782668887,0.00032241445745404544,0.000168427872372504,-0.001210896138006457,0.015678241493495927,-0.00032081236908672116,-0.007090518808628663,-0.0015435720155079062,-0.0001798079676098365,0.00021882081702318304,-0.0012841501826476903,0.001800323105016549,0.0007713948277627239,0.0029534715019946026,0.000644675107917976,0.4213925183962612,5.970193398910022,0.3088809956949653,0.03263054141506328,0.0
0.1635626485581768,0.011626363467201648,0.0004172279924105633,0.0016786024219815458,0.006253171537335127,0.03638386811918359,0.16678451726722401,-0.10638562554467769,-0.02147496381546859,-0.0018653811007014389,0.0003087690300968191,0.0005440157747921397,-9.188280139804833e-05,0.015911980827064236,0.025566039862305705,0.003725421868428767,0.0023127796922964476,7.627063262999952e-05,0.00020727156416132839,-0.000976785051102525,0.0005141597334491279,-0.0007937024637052991,-0.0008791270458304103,-0.0008130027866458426,-0.12537114291484341,-0.011555346561122335,-0.00024190091032928398,0.0007953684828202664,0.00662234644581562,0.03309742778869664,0.21465063671860504,0.07863951670956937,0.019767205977044146,0.0023514944782668887,0.00032241445745404544,0.000168427872372504,-0.001210896138006457,0.015678241493495927,-0.00032081236908672116,-0.007090518808628663,-0.0015435720155079062,-0.0001798079676098365,0.00021882081702318304,-0.0012841501826476903,0.001800323105016549,0.0007713948277627239,0.0029534715019946026,0.000644675107917976,0.42139218338769574,5.970195000433826,0.30888544140253615,0.03263078801187348,0.0
0.1635626485581768,0.011626363467201648,0.0004172279924105633,0.0016786024219815458,0.006253171537335127,0.03638386811918359,0.16678451726722401,-0.10638562554467769,-0.02147496381546859,-0.0018653811007014389,0.0003087690300968191,0.0005440157747921397,-9.288280139804833e-05,0.015911980827064236,0.025566039862305705,0.003726421868428767,0.0023127796922964476,7.627063262999952e-05,0.00020727156416132839,-0.000976785051102525,0.0005141597334491279,-0.0007937024637052991,-0.0008791270458304103,-0.0008130027866458426,-0.12537114291484341,-0.011555346561122335,-0.00024190091032928398,0.0007953684828202664,0.00662234644581562,0.03309742778869664,0.21465063671860504,0.07863951670956937,0.019767205977044146,0.0023514944782668887,0.00032241445745404544,0.000168427872372504,-0.001210896138006457,0.015678241493495927,-0.00032081236908672116,-0.007090518808628663,-0.0015435720155079062,-0.0001798079676098365,0.00021882081702318304,-0.0012841501826476903,0.001800323105016549,0.0007713948277627239,0.0029534715019946026,0.000644675107917976,0.4213917535006242,5.970193608071328,0.30887763875173335,0.03262957030908233,0.0
0.1635626485581768,0.011626363467201648,0.0004172279924105633,0.0016786024219815458,0.006253171537335127,0.03638386811918359,0.16678451726722401,-0.10638562554467769,-0.02147496381546859,-0.0018653811007014389,0.0003087690300968191,0.0005440157747921397,-9.288280139804833e-05,0.015911980827064236,0.025568596466291935,0.003725421868428767,0.0023127796922964476,7.627063262999952e-05,0.00020727156416132839,-0.000976785051102525,0.0005141597334491279,-0.0007937024637052991,-0.0008791270458304103,-0.0008130027866458426,-0.12537114291484341,-0.011555346561122335,-0.00024190091032928398,0.0007953684828202664,0.00662234644581562,0.03309742778869664,0.21465063671860504,0.07863951670956937,0.019767205977044146,0.0023514944782668887,0.00032241445745404544,0.000168427872372504,-0.001210896138006457,0.015678241493495927,-0.00032081236908672116,-0.007090518808628663,-0.0015435720155079062,-0.0001798079676098365,0.00021882081702318304,-0.0012841501826476903,0.001800323105016549,0.0007713948277627239,0.0029534715019946026,0.000644675107917976,0.4213945712804608,5.970191170031934,0.30886995155715546,0.03263127087972232,0.0
0.1635626485581768,0.011626363467201648,0.0004172279924105633,0.0016786024219815458,0.006253171537335127,0.03638386811918359,0.16678451726722401,-0.10638562554467769,-0.02147496381546859,-0.0018653811007014389,0.0003087690300968191,0.0005440157747921397,-9.288280139804833e-05,0.015911980827064236,0.025566039862305705,0.003725421868428767,0.0023127796922964476,7.727063262999952e-05,0.00020727156416132839,-0.000976785051102525,0.0005141597334491279,-0.0007937024637052991,-0.0008791270458304103,-0.0008130027866458426,-0.12537114291484341,-0.011555346561122335,-0.00024190091032928398,0.0007953684828202664,0.00662234644581562,0.03309742778869664,0.21465063671860504,0.07863951670956937,0.019767205977044146,0.0023514944782668887,0.00032241445745404544,0.000168427872372504,-0.001210896138006457,0.015678241493495927,-0.00032081236908672116,-0.007090518808628663,-0.0015435720155079062,-0.0001798079676098365,0.00021882081702318304,-0.0012841501826476903,0.001800323105016549,0.0007713948277627239,0.0029534715019946026,0.000644675107917976,0.42139201868571,5.970193095658053,0.3088724822232055,0.03263489887136733,0.0
0.1635626485581768,0.011626363467201648,0.0004172279924105633,0.0016786024219815458,0.006253171537335127,0.03638386811918359,0.16678451726722401,-0.10638562554467769,-0.02147496381546859,-0.0018653811007014389,0.0003087690300968191,0.0005440157747921397,-9.288280139804833e-05,0.015911980827064236,0.025566039862305705,0.003725421868428767,0.0023137796922964478,7.627063262999952e-05,0.00020727156416132839,-0.000976785051102525,0.0005141597334491279,-0.0007937024637052991,-0.0008791270458304103,-0.0008130027866458426,-0.12537114291484341,-0.011555346561122335,-0.00024190091032928398,0.0007953684828202664,0.00662234644581562,0.03309742778869664,0.21465063671860504,0.07863951670956937,0.019767205977044146,0.0023514944782668887,0.00032241445745404544,0.000168427872372504,-0.001210896138006457,0.015678241493495927,-0.00032081236908672116,-0.007090518808628663,-0.0015435720155079062,-0.0001798079676098365,0.00021882081702318304,-0.0012841501826476903,0.001800323105016549,0.0007713948277627239,0.0029534715019946026,0.000644675107917976,0.42139190257658704,5.970192751540754,0.3088646821585856,0.032632839585050345,0.0
0.1635626485581768,0.011626363467201648,0.0004172279924105633,0.0016786024219815458,0.006253171537335127,0.03638386811918359,0.16678451726722401,-0.10638562554467769,-0.02147496381546859,-0.0018653811007014389,0.0003087690300968191,0.0005440157747921397,-9.288280139804833e-05,0.015911980827064236,0.025566039862305705,0.003725421868428767,0.0023127796922964476,7.627063262999952e-05,0.00020727156416132839,-0.0009757850511025249,0.0005141597334491279,-0.0007937024637052991,-0.0008791270458304103,-0.0008130027866458426,-0.12537114291484341,-0.011555346561122335,-0.00024190091032928398,0.0007953684828202664,0.00662234644581562,0.03309742778869664,0.21465063671860504,0.07863951670956937,0.019767205977044146,0.0023514944782668887,0.00032241445745404544,0.000168427872372504,-0.001210896138006457,0.015678241493495927,-0.00032081236908672116,-0.007090518808628663,-0.0015435720155079062,-0.0001798079676098365,0.00021882081702318304,-0.0012841501826476903,0.001800323105016549,0.0007713948277627239,0.0029534715019946026,0.000644675107917976,0.42139189441693176,5.97019366266946,0.3088818778559216,0.03263261531110659,0.0
0.1635626485581768,0.011626363467201648,0.0004172279924105633,0.0016786024219815458,0.006253171537335127,0.03638386811918359,0.16678451726722401,-0.10638562554467769,-0.02147496381546859,-0.0018653811007014389,0.0003087690300968191,0.0005440157747921397,-9.288280139804833e-05,0.015911980827064236,0.025566039862305705,0.003725421868428767,0.0023127796922964476,7.627063262999952e-05,0.00020827156416132838,-0.000976785051102525,0.0005141597334491279,-0.0007937024637052991,-0.0008791270458304103,-0.0008130027866458426,-0.12537114291484341,-0.011555346561122335,-0.00024190091032928398,0.0007953684828202664,0.00662234644581562,0.03309742778869664,0.21465063671860504,0.07863951670956937,0.019767205977044146,0.0023514944782668887,0.00032241445745404544,0.000168427872372504,-0.001210896138006457,0.015678241493495927,-0.00032081236908672116,-0.007090518808628663,-0.0015435720155079062,-0.0001798079676098365,0.00021882081702318304,-0.0012841501826476903,0.001800323105016549,0.0007713948277627239,0.0029534715019946026,0.000644675107917976,0.42139203732791103,5.970192905133076,0.30887679155680375,0.032633188188641374,0.0
0.1635626485581768,0.011626363467201648,0.0004172279924105633,0.0016786024219815458,0.006253171537335127,0.03638386811918359,0.16678451726722401,-0.10638562554467769,-0.02147496381546859,-0.0018653811007014389,0.0003087690300968191,0.0005440157747921397,-9.288280139804833e-05,0.015911980827064236,0.025566039862305705,0.003725421868428767,0.0023127796922964476,7.627063262999952e-05,0.00020727156416132839,-0.000976785051102525,0.0005141597334491279,-0.000792702463705299,-0.0008791270458304103,-0.0008130027866458426,-0.12537114291484341,-0.011555346561122335,-0.00024190091032928398,0.0007953684828202664,0.00662234644581562,0.03309742778869664,0.21465063671860504,0.07863951670956937,0.019767205977044146,0.0023514944782668887,0.00032241445745404544,0.000168427872372504,-0.001210896138006457,0.015678241493495927,-0.00032081236908672116,-0.007090518808628663,-0.0015435720155079062,-0.0001798079676098365,0.00021882081702318304,-0.0012841501826476903,0.001800323105016549,0.0007713948277627239,0.0029534715019946026,0.000644675107917976,0.4213883096398912,5.970193301185596,0.3088985122339524,0.03263129938854196,0.0
0.1635626485581768,0.011626363467201648,0.0004172279924105633,0.0016786024219815458,0.006253171537335127,0.03638386811918359,0.16678451726722401,-0.10638562554467769,-0.02147496381546859,-0.0018653811007014389,0.0003087690300968191,0.0005440157747921397,-9.288280139804833e-05,0.015911980827064236,0.025566039862305705,0.003725421868428767,0.0023127796922964476,7.627063262999952e-05,0.00020727156416132839,-0.000976785051102525,0.0005151597334491279,-0.0007937024637052991,-0.0008791270458304103,-0.0008130027866458426,-0.12537114291484341,-0.011555346561122335,-0.00024190091032928398,0.0007953684828202664,0.00662234644581562,0.03309742778869664,0.21465063671860504,0.07863951670956937,0.019767205977044146,0.0023514944782668887,0.00032241445745404544,0.000168427872372504,-0.001210896138006457,0.015678241493495927,-0.00032081236908672116,-0.007090518808628663,-0.0015435720155079062,-0.0001798079676098365,0.00021882081702318304,-0.0012841501826476903,0.001800323105016549,0.0007713948277627239,0.0029534715019946026,0.000644675107917976,0.421391798309593,5.97019341087942,0.30888362687104404,0.03263113359906385,0.0
0.1635626485581768,0.011626363467201648,0.0004172279924105633,0.0016786024219815458,0.006253171537335127,0.03638386811918359,0.16678451726722401,-0.10638562554467769,-0.02147496381546859,-0.0018653811007014389,0.0003087690300968191,0.0005440157747921397,-9.288280139804833e-05,0.015911980827064236,0.025566039862305705,0.003725421868428767,0.0023127796922964476,7.627063262999952e-05,0.00020727156416132839,-0.000976785051102525,0.0005141597334491279,-0.0007937024637052991,-0.0008791270458304103,-0.0008120027866458426,-0.12537114291484341,-0.011555346561122335,-0.00024190091032928398,0.0007953684828202664,0.00662234644581562,0.03309742778869664,0.21465063671860504,0.07863951670956937,0.019767205977044146,0.0023514944782668887,0.00032241445745404544,0.000168427872372504,-0.001210896138006457,0.015678241493495927,-0.00032081236908672116,-0.007090518808628663,-0.0015435720155079062,-0.0001798079676098365,0.00021882081702318304,-0.0012841501826476903,0.001800323105016549,0.0007713948277627239,0.0029534715019946026,0.000644675107917976,0.4213918282460195,5.970193186995092,0.3088758557073617,0.03263316306228391,0.0
0.1635626485581768,0.011626363467201648,0.0004172279924105633,0.0016786024219815458,0.006253171537335127,0.03638386811918359,0.16678451726722401,-0.10638562554467769,-0.02147496381546859,-0.0018653811007014389,0.0003087690300968191,0.0005440157747921397,-9.288280139804833e-05,0.015911980827064236,0.025566039862305705,0.003725421868428767,0.0023127796922964476,7.627063262999952e-05,0.00020727156416132839,-0.000976785051102525,0.0005141597334491279,-0.0007937024637052991,-0.0008781270458304102,-0.0008130027866458426,-0.12537114291484341,-0.011555346561122335,-0.00024190091032928398,0.0007953684828202664,0.00662234644581562,0.03309742778869664,0.21465063671860504,0.07863951670956937,0.019767205977044146,0.0023514944782668887,0.00032241445745404544,0.000168427872372504,-0.001210896138006457,0.015678241493495927,-0.00032081236908672116,-0.007090518808628663,-0.0015435720155079062,-0.0001798079676098365,0.00021882081702318304,-0.0012841501826476903,0.001800323105016549,0.0007713948277627239,0.0029534715019946026,0.000644675107917976,0.42138962169336414,5.970192153605084,0.3088971113378074,0.03263066090740704,0.0
0.1635626485581768,0.011626363467201648,0.0004172279924105633,0.0016786024219815458,0.006253171537335127,0.03638386811918359,0.16678451726722401,-0.10638562554467769,-0.02147496381546859,-0.0018653811007014389,0.0003087690300968191,0.0005440157747921397,-9.288280139804833e-05,0.015911980827064236,0.025566039862305705,0.003725421868428767,0.0023127796922964476,7.627063262999952e-05,0.00020727156416132839,-0.000976785051102525,0.0005141597334491279,-0.0007937024637052991,-0.0008791270458304103,-0.0008130027866458426,-0.12537114291484341,-0.011554191026466223,-0.00024190091032928398,0.0007953684828202664,0.00662234644581562,0.03309742778869664,0.21465063671860504,0.07863951670956937,0.019767205977044146,0.0023514944782668887,0.00032241445745404544,0.000168427872372504,-0.001210896138006457,0.015678241493495927,-0.00032081236908672116,-0.007090518808628663,-0.0015435720155079062,-0.0001798079676098365,0.00021882081702318304,-0.0012841501826476903,0.001800323105016549,0.0007713948277627239,0.0029534715019946026,0.000644675107917976,0.421392138509138,5.970193005485559,0.3088860757783136,0.032633996735554664,0.0
0.1635626485581768,0.011626363467201648,0.0004172279924105633,0.0016786024219815458,0.006253171537335127,0.03638386811918359,0.16678451726722401,-0.10638562554467769,-0.02147496381546859,-0.0018653811007014389,0.0003087690300968191,0.0005440157747921397,-9.288280139804833e-05,0.015911980827064236,0.025566039862305705,0.003725421868428767,0.0023127796922964476,7.627063262999952e-05,0.00020727156416132839,-0.000976785051102525,0.0005141597334491279,-0.0007937024637052991,-0.0008791270458304103,-0.0008130027866458426,-0.12535860580055194,-0.011555346561122335,-0.00024190091032928398,0.0007953684828202664,0.00662234644581562,0.03309742778869664,0.21465063671860504,0.07863951670956937,0.019767205977044146,0.0023514944782668887,0.00032241445745404544,0.000168427872372504,-0.001210896138006457,0.015678241493495927,-0.00032081236908672116,-0.007090518808628663,-0.0015435720155079062,-0.0001798079676098365,0.00021882081702318304,-0.0012841501826476903,0.001800323105016549,0.0007713948277627239,0.0029534715019946026,0.000644675107917976,0.42139066724833774,5.970193005485559,0.3088813577516958,0.03263284999206411,0.0
0.1635626485581768,0.011626363467201648,0.0004172279924105633,0.0016786024219815458,0.006253171537335127,0.03638386811918359,0.16678451726722401,-0.10638562554467769,-0.02147496381546859,-0.0018653811007014389,0.0003087690300968191,0.0005440157747921397,-9.288280139804833e-05,0.015911980827064236,0.025566039862305705,0.003725421868428767,0.0023127796922964476,7.627063262999952e-05,0.00020727156416132839,-0.000976785051102525,0.0005141597334491279,-0.0007937024637052991,-0.0008791270458304103,-0.0008130027866458426,-0.12537114291484341,-0.011555346561122335,-0.00024190091032928398,0.0007963684828202664,0.00662234644581562,0.03309742778869664,0.21465063671860504,0.07863951670956937,0.019767205977044146,0.0023514944782668887,0.00032241445745404544,0.000168427872372504,-0.001210896138006457,0.015678241493495927,-0.00032081236908672116,-0.007090518808628663,-0.0015435720155079062,-0.0001798079676098365,0.00021882081702318304,-0.0012841501826476903,0.001800323105016549,0.0007713948277627239,0.0029534715019946026,0.000644675107917976,0.4213920975240821,5.970192979930358,0.3089001321898642,0.03264867056068147,0.0
0.1635626485581768,0.011626363467201648,0.0004172279924105633,0.0016786024219815458,0.006253171537335127,0.03638386811918359,0.16678451726722401,-0.10638562554467769,-0.02147496381546859,-0.0018653811007014389,0.0003087690300968191,0.0005440157747921397,-9.288280139804833e-05,0.015911980827064236,0.025566039862305705,0.003725421868428767,0.0023127796922964476,7.627063262999952e-05,0.00020727156416132839,-0.000976785051102525,0.0005141597334491279,-0.0007937024637052991,-0.0008791270458304103,-0.0008130027866458426,-0.12537114291484341,-0.011555346561122335,-0.000240900910329284,0.0007953684828202664,0.00662234644581562,0.03309742778869664,0.21465063671860504,0.07863951670956937,0.019767205977044146,0.0023514944782668887,0.00032241445745404544,0.000168427872372504,-0.001210896138006457,0.015678241493495927,-0.00032081236908672116,-0.007090518808628663,-0.0015435720155079062,-0.0001798079676098365,0.00021882081702318304,-0.0012841501826476903,0.001800323105016549,0.0007713948277627239,0.0029534715019946026,0.000644675107917976,0.421392055047761,5.970193005485559,0.30888082171837017,0.032631009644219444,0.0
0.1635626485581768,0.011626363467201648,0.0004172279924105633,0.0016786024219815458,0.006253171537335127,0.03638386811918359,0.16678451726722401,-0.10638562554467769,-0.02147496381546859,-0.0018653811007014389,0.0003087690300968191,0.0005440157747921397,-9.288280139804833e-05,0.015911980827064236,0.025566039862305705,0.003725421868428767,0.0023127796922964476,7.627063262999952e-05,0.00020727156416132839,-0.000976785051102525,0.0005141597334491279,-0.0007937024637052991,-0.0008791270458304103,-0.0008130027866458426,-0.12537114291484341,-0.011555346561122335,-0.00024190091032928398,0.0007953684828202664,0.00662234644581562,0.033100737531475515,0.21465063671860504,0.07863951670956937,0.019767205977044146,0.0023514944782668887,0.00032241445745404544,0.000168427872372504,-0.001210896138006457,0.015678241493495927,-0.00032081236908672116,-0.007090518808628663,-0.0015435720155079062,-0.0001798079676098365,0.00021882081702318304,-0.0012841501826476903,0.001800323105016549,0.0007713948277627239,0.0029534715019946026,0.000644675107917976,0.421392036823177,5.970188660042629,0.30892572070810653,0.032622513411287246,0.0
0.1635626485581768,0.011626363467201648,0.0004172279924105633,0.0016786024219815458,0.006253171537335127,0.03638386811918359,0.16678451726722401,-0.10638562554467769,-0.02147496381546859,-0.0018653811007014389,0.0003087690300968191,0.0005440157747921397,-9.288280139804833e-05,0.015911980827064236,0.025566039862305705,0.003725421868428767,0.0023127796922964476,7.627063262999952e-05,0.00020727156416132839,-0.000976785051102525,0.0005141597334491279,-0.0007937024637052991,-0.0008791270458304103,-0.0008130027866458426,-0.12537114291484341,-0.011555346561122335,-0.00024190091032928398,0.0007953684828202664,0.00662334644581562,0.03309742778869664,0.21465063671860504,0.07863951670956937,0.019767205977044146,0.0023514944782668887,0.00032241445745404544,0.000168427872372504,-0.001210896138006457,0.015678241493495927,-0.00032081236908672116,-0.007090518808628663,-0.0015435720155079062,-0.0001798079676098365,0.00021882081702318304,-0.0012841501826476903,0.001800323105016549,0.0007713948277627239,0.0029534715019946026,0.000644675107917976,0.42139207213637275,5.970193145910259,0.308876407981364,0.0326147202477851,0.0
0.1635626485581768,0.011626363467201648,0.0004172279924105633,0.0016786024219815458,0.006253171537335127,0.03638386811918359,0.16678451726722401,-0.10638562554467769,-0.02147496381546859,-0.0018653811007014389,0.0003087690300968191,0.0005440157747921397,-9.288280139804833e-05,0.015911980827064236,0.025566039862305705,0.003725421868428767,0.0023127796922964476,7.627063262999952e-05,0.00020727156416132839,-0.000976785051102525,0.0005141597334491279,-0.0007937024637052991,-0.0008791270458304103,-0.0008130027866458426,-0.12537114291484341,-0.011555346561122335,-0.00024190091032928398,0.0007953684828202664,0.00662234644581562,0.03309742778869664,0.21465063671860504,0.07864738066124033,0.019767205977044146,0.0023514944782668887,0.00032241445745404544,0.000168427872372504,-0.001210896138006457,0.015678241493495927,-0.00032081236908672116,-0.007090518808628663,-0.0015435720155079062,-0.0001798079676098365,0.00021882081702318304,-0.0012841501826476903,0.001800323105016549,0.0007713948277627239,0.0029534715019946026,0.000644675107917976,0.42141309255044396,5.970305098883131,0.3082572106387544,0.03265869498242666,0.0
0.1635626485581768,0.011626363467201648,0.0004172279924105633,0.0016786024219815458,0.006253171537335127,0.03638386811918359,0.16678451726722401,-0.10638562554467769,-0.02147496381546859,-0.0018653811007014389,0.0003087690300968191,0.0005440157747921397,-9.288280139804833e-05,0.015911980827064236,0.025566039862305705,0.003725421868428767,0.0023127796922964476,7.627063262999952e-05,0.00020727156416132839,-0.000976785051102525,0.0005141597334491279,-0.0007937024637052991,-0.0008791270458304103,-0.0008130027866458426,-0.12537114291484341,-0.011555346561122335,-0.00024190091032928398,0.0007953684828202664,0.00662234644581562,0.03309742778869664,0.21467210178227691,0.07863951670956937,0.019767205977044146,0.0023514944782668887,0.00032241445745404544,0.000168427872372504,-0.001210896138006457,0.015678241493495927,-0.00032081236908672116,-0.007090518808628663,-0.0015435720155079062,-0.0001798079676098365,0.00021882081702318304,-0.0012841501826476903,0.001800323105016549,0.0007713948277627239,0.0029534715019946026,0.000644675107917976,0.4213466613649704,5.969786195704493,0.3089190199436594,0.03259944650624559,0.0
0.1635626485581768,0.011626363467201648,0.0004172279924105633,0.0016786024219815458,0.006253171537335127,0.03638386811918359,0.16678451726722401,-0.10638562554467769,-0.02147496381546859,-0.0018653811007014389,0.0003087690300968191,0.0005440157747921397,-9.288280139804833e-05,0.015911980827064236,0.025566039862305705,0.003725421868428767,0.0023127796922964476,7.627063262999952e-05,0.00020727156416132839,-0.000976785051102525,0.0005141597334491279,-0.0007937024637052991,-0.0008791270458304103,-0.0008130027866458426,-0.12537114291484341,-0.011555346561122335,-0.00024190091032928398,0.0007953684828202664,0.00662234644581562,0.03309742778869664,0.21465063671860504,0.07863951670956937,0.019767205977044146,0.002352494478266889,0.00032241445745404544,0.000168427872372504,-0.001210896138006457,0.015678241493495927,-0.00032081236908672116,-0.007090518808628663,-0.0015435720155079062,-0.0001798079676098365,0.00021882081702318304,-0.0012841501826476903,0.001800323105016549,0.0007713948277627239,0.0029534715019946026,0.000644675107917976,0.4213920926144674,5.9701927934582555,0.30888386053355227,0.03265917764610959,0.0
0.1635626485581768,0.011626363467201648,0.0004172279924105633,0.0016786024219815458,0.006253171537335127,0.03638386811918359,0.16678451726722401,-0.10638562554467769,-0.02147496381546859,-0.0018653811007014389,0.0003087690300968191,0.0005440157747921397,-9.288280139804833e-05,0.015911980827064236,0.025566039862305705,0.003725421868428767,0.0023127796922964476,7.627063262999952e-05,0.00020727156416132839,-0.000976785051102525,0.0005141597334491279,-0.0007937024637052991,-0.0008791270458304103,-0.0008130027866458426,-0.12537114291484341,-0.011555346561122335,-0.00024190091032928398,0.0007953684828202664,0.00662234644581562,0.03309742778869664,0.21465063671860504,0.07863951670956937,0.01976918269764185,0.0023514944782668887,0.00032241445745404544,0.000168427872372504,-0.001210896138006457,0.015678241493495927,-0.00032081236908672116,-0.007090518808628663,-0.0015435720155079062,-0.0001798079676098365,0.00021882081702318304,-0.0012841501826476903,0.001800323105016549,0.0007713948277627239,0.0029534715019946026,0.000644675107917976,0.4213926623547113,5.970194592648285,0.30824172770552655,0.03264397906281232,0.0
0.1635626485581768,0.011626363467201648,0.0004172279924105633,0.0016786024219815458,0.006253171537335127,0.03638386811918359,0.16678451726722401,-0.10638562554467769,-0.02147496381546859,-0.0018653811007014389,0.0003087690300968191,0.0005440157747921397,-9.288280139804833e-05,0.015911980827064236,0.025566039862305705,0.003725421868428767,0.0023127796922964476,7.627063262999952e-05,0.00020727156416132839,-0.000976785051102525,0.0005141597334491279,-0.0007937024637052991,-0.0008791270458304103,-0.0008130027866458426,-0.12537114291484341,-0.011555346561122335,-0.00024190091032928398,0.0007953684828202664,0.00662234644581562,0.03309742778869664,0.21465063671860504,0.07863951670956937,0.019767205977044146,0.0023514944782668887,0.00032241445745404544,0.000169427872372504,-0.001210896138006457,0.015678241493495927,-0.00032081236908672116,-0.007090518808628663,-0.0015435720155079062,-0.0001798079676098365,0.00021882081702318304,-0.0012841501826476903,0.001800323105016549,0.0007713948277627239,0.0029534715019946026,0.000644675107917976,0.42139213348076276,5.970193278851018,0.3088935376932108,0.03263698447750933,0.0
0.1635626485581768,0.011626363467201648,0.0004172279924105633,0.0016786024219815458,0.006253171537335127,0.03638386811918359,0.16678451726722401,-0.10638562554467769,-0.02147496381546859,-0.0018653811007014389,0.0003087690300968191,0.0005440157747921397,-9.288280139804833e-05,0.015911980827064236,0.025566039862305705,0.003725421868428767,0.0023127796922964476,7.627063262999952e-05,0.00020727156416132839,-0.000976785051102525,0.0005141597334491279,-0.0007937024637052991,-0.0008791270458304103,-0.0008130027866458426,-0.12537114291484341,-0.011555346561122335,-0.00024190091032928398,0.0007953684828202664,0.00662234644581562,0.03309742778869664,0.21465063671860504,0.07863951670956937,0.019767205977044146,0.0023514944782668887,0.00032341445745404546,0.000168427872372504,-0.001210896138006457,0.015678241493495927,-0.00032081236908672116,-0.007090518808628663,-0.0015435720155079062,-0.0001798079676098365,0.00021882081702318304,-0.0012841501826476903,0.001800323105016549,0.0007713948277627239,0.0029534715019946026,0.000644675107917976,0.4213920543896952,5.970193066011796,0.308860767357918,0.03264309372131511,0.0
0.1635626485581768,0.011626363467201648,0.0004172279924105633,0.0016786024219815458,0.006253171537335127,0.03638386811918359,0.16678451726722401,-0.10638562554467769,-0.02147496381546859,-0.0018653811007014389,0.0003087690300968191,0.0005440157747921397,-9.288280139804833e-05,0.015911980827064236,0.025566039862305705,0.003725421868428767,0.0023127796922964476,7.627063262999952e-05,0.00020727156416132839,-0.000976785051102525,0.0005141597334491279,-0.0007937024637052991,-0.0008791270458304103,-0.0008130027866458426,-0.12537114291484341,-0.011555346561122335,-0.00024190091032928398,0.0007953684828202664,0.00662234644581562,0.03309742778869664,0.21465063671860504,0.07863951670956937,0.019767205977044146,0.0023514944782668887,0.00032241445745404544,0.000168427872372504,-0.001210896138006457,0.015679809317645278,-0.00032081236908672116,-0.007090518808628663,-0.0015435720155079062,-0.0001798079676098365,0.00021882081702318304,-0.0012841501826476903,0.001800323105016549,0.0007713948277627239,0.0029534715019946026,0.000644675107917976,0.4213922676684105,5.9701923084289685,0.3088807524574254,0.032632731955991,0.0
0.1635626485581768,0.011626363467201648,0.0004172279924105633,0.0016786024219815458,0.006253171537335127,0.03638386811918359,0.16678451726722401,-0.10638562554467769,-0.02147496381546859,-0.0018653811007014389,0.0003087690300968191,0.0005440157747921397,-9.288280139804833e-05,0.015911980827064236,0.025566039862305705,0.003725421868428767,0.0023127796922964476,7.627063262999952e-05,0.00020727156416132839,-0.000976785051102525,0.0005141597334491279,-0.0007937024637052991,-0.0008791270458304103,-0.0008130027866458426,-0.12537114291484341,-0.011555346561122335,-0.00024190091032928398,0.0007953684828202664,0.00662234644581562,0.03309742778869664,0.21465063671860504,0.07863951670956937,0.019767205977044146,0.0023514944782668887,0.00032241445745404544,0.000168427872372504,-0.0012098961380064572,0.015678241493495927,-0.00032081236908672116,-0.007090518808628663,-0.0015435720155079062,-0.0001798079676098365,0.00021882081702318304,-0.0012841501826476903,0.001800323105016549,0.0007713948277627239,0.0029534715019946026,0.000644675107917976,0.4213922347930838,5.970194708150771,0.3088705435006591,0.03263110246950856,0.0
0.1635626485581768,0.011626363467201648,0.0004172279924105633,0.0016786024219815458,0.006253171537335127,0.03638386811918359,0.16678451726722401,-0.10638562554467769,-0.02147496381546859,-0.0018653811007014389,0.0003087690300968191,0.0005440157747921397,-9.288280139804833e-05,0.015911980827064236,0.025566039862305705,0.003725421868428767,0.0023127796922964476,7.627063262999952e-05,0.00020727156416132839,-0.000976785051102525,0.0005141597334491279,-0.0007937024637052991,-0.0008791270458304103,-0.0008130027866458426,-0.12537114291484341,-0.011555346561122335,-0.00024190091032928398,0.0007953684828202664,0.00662234644581562,0.03309742778869664,0.21465063671860504,0.07863951670956937,0.019767205977044146,0.0023514944782668887,0.00032241445745404544,0.000168427872372504,-0.001210896138006457,0.015678241493495927,-0.00032081236908672116,-0.007089518808628663,-0.0015435720155079062,-0.0001798079676098365,0.00021882081702318304,-0.0012841501826476903,0.001800323105016549,0.0007713948277627239,0.0029534715019946026,0.000644675107917976,0.42139167353674695,5.970193586274821,0.3088808210463168,0.032630959274286914,0.0
0.1635626485581768,0.011626363467201648,0.0004172279924105633,0.0016786024219815458,0.006253171537335127,0.03638386811918359,0.16678451726722401,-0.10638562554467769,-0.02147496381546859,-0.0018653811007014389,0.0003087690300968191,0.0005440157747921397,-9.288280139804833e-05,0.015911980827064236,0.025566039862305705,0.003725421868428767,0.0023127796922964476,7.627063262999952e-05,0.00020727156416132839,-0.000976785051102525,0.0005141597334491279,-0.0007937024637052991,-0.0008791270458304103,-0.0008130027866458426,-0.12537114291484341,-0.011555346561122335,-0.00024190091032928398,0.0007953684828202664,0.00662234644581562,0.03309742778869664,0.21465063671860504,0.07863951670956937,0.019767205977044146,0.0023514944782668887,0.00032241445745404544,0.000168427872372504,-0.001210896138006457,0.015678241493495927,-0.00031981236908672114,-0.007090518808628663,-0.0015435720155079062,-0.0001798079676098365,0.00021882081702318304,-0.0012841501826476903,0.001800323105016549,0.0007713948277627239,0.0029534715019946026,0.000644675107917976,0.42139265313249297,5.970184414008246,0.3088764941246601,0.03263141216811082,0.0
0.1635626485581768,0.011626363467201648,0.0004172279924105633,0.0016786024219815458,0.006253171537335127,0.03638386811918359,0.16678451726722401,-0.10638562554467769,-0.02147496381546859,-0.0018653811007014389,0.0003087690300968191,0.0005440157747921397,-9.288280139804833e-05,0.015911980827064236,0.025566039862305705,0.003725421868428767,0.0023127796922964476,7.627063262999952e-05,0.00020727156416132839,-0.000976785051102525,0.0005141597334491279,-0.0007937024637052991,-0.0008791270458304103,-0.0008130027866458426,-0.12537114291484341,-0.011555346561122335,-0.00024190091032928398,0.0007953684828202664,0.00662234644581562,0.03309742778869664,0.21465063671860504,0.07863951670956937,0.019767205977044146,0.0023514944782668887,0.00032241445745404544,0.000168427872372504,-0.001210896138006457,0.015678241493495927,-0.00032081236908672116,-0.007090518808628663,-0.0015435720155079062,-0.0001788079676098365,0.00021882081702318304,-0.0012841501826476903,0.001800323105016549,0.0007713948277627239,0.0029534715019946026,0.000644675107917976,0.42139210094901225,5.970193018281853,0.30889776706362776,0.03263271294123655,0.0
0.1635626485581768,0.011626363467201648,0.0004172279924105633,0.0016786024219815458,0.006253171537335127,0.03638386811918359,0.16678451726722401,-0.10638562554467769,-0.02147496381546859,-0.0018653811007014389,0.0003087690300968191,0.0005440157747921397,-9.288280139804833e-05,0.015911980827064236,0.025566039862305705,0.003725421868428767,0.0023127796922964476,7.627063262999952e-05,0.00020727156416132839,-0.000976785051102525,0.0005141597334491279,-0.0007937024637052991,-0.0008791270458304103,-0.0008130027866458426,-0.12537114291484341,-0.011555346561122335,-0.00024190091032928398,0.0007953684828202664,0.00662234644581562,0.03309742778869664,0.21465063671860504,0.07863951670956937,0.019767205977044146,0.0023514944782668887,0.00032241445745404544,0.000168427872372504,-0.001210896138006457,0.015678241493495927,-0.00032081236908672116,-0.007090518808628663,-0.0015425720155079062,-0.0001798079676098365,0.00021882081702318304,-0.0012841501826476903,0.001800323105016549,0.0007713948277627239,0.0029534715019946026,0.000644675107917976,0.42139227873184,5.970193072763797,0.30886794158425496,0.032634032322170936,0.0
0.1635626485581768,0.011626363467201648,0.0004172279924105633,0.0016786024219815458,0.006253171537335127,0.03638386811918359,0.16678451726722401,-0.10638562554467769,-0.02147496381546859,-0.0018653811007014389,0.0003087690300968191,0.0005440157747921397,-9.288280139804833e-05,0.015911980827064236,0.025566039862305705,0.003725421868428767,0.0023127796922964476,7.627063262999952e-05,0.00020727156416132839,-0.000976785051102525,0.0005141597334491279,-0.0007937024637052991,-0.0008791270458304103,-0.0008130027866458426,-0.12537114291484341,-0.011555346561122335,-0.00024190091032928398,0.0007953684828202664,0.00662234644581562,0.03309742778869664,0.21465063671860504,0.07863951670956937,0.019767205977044146,0.0023514944782668887,0.00032241445745404544,0.000168427872372504,-0.001210896138006457,0.015678241493495927,-0.00032081236908672116,-0.007090518808628663,-0.0015435720155079062,-0.0001798079676098365,0.00021882081702318304,-0.0012831501826476904,0.001800323105016549,0.0007713948277627239,0.0029534715019946026,0.000644675107917976,0.42139204549619275,5.9701935564214885,0.3088900972704074,0.032631267589584866,0.0
0.1635626485581768,0.011626363467201648,0.0004172279924105633,0.0016786024219815458,0.006253171537335127,0.03638386811918359,0.16678451726722401,-0.10638562554467769,-0.02147496381546859,-0.0018653811007014389,0.0003087690300968191,0.0005440157747921397,-9.288280139804833e-05,0.015911980827064236,0.025566039862305705,0.003725421868428767,0.0023127796922964476,7.627063262999952e-05,0.00020727156416132839,-0.000976785051102525,0.0005141597334491279,-0.0007937024637052991,-0.0008791270458304103,-0.0008130027866458426,-0.12537114291484341,-0.011555346561122335,-0.00024190091032928398,0.0007953684828202664,0.00662234644581562,0.03309742778869664,0.21465063671860504,0.07863951670956937,0.019767205977044146,0.0023514944782668887,0.00032241445745404544,0.000168427872372504,-0.001210896138006457,0.015678241493495927,-0.00032081236908672116,-0.007090518808628663,-0.0015435720155079062,-0.0001798079676098365,0.00021982081702318304,-0.0012841501826476903,0.001800323105016549,0.0007713948277627239,0.0029534715019946026,0.000644675107917976,0.42139203681586584,5.970192956427822,0.308878678293244,0.03263281055659586,0.0
0.1635626485581768,0.011626363467201648,0.0004172279924105633,0.0016786024219815458,0.006253171537335127,0.03638386811918359,0.16678451726722401,-0.10638562554467769,-0.02147496381546859,-0.0018653811007014389,0.0003087690300968191,0.0005440157747921397,-9.288280139804833e-05,0.015911980827064236,0.025566039862305705,0.003725421868428767,0.0023127796922964476,7.627063262999952e-05,0.00020727156416132839,-0.000976785051102525,0.0005141597334491279,-0.0007937024637052991,-0.0008791270458304103,-0.0008130027866458426,-0.12537114291484341,-0.011555346561122335,-0.00024190091032928398,0.0007953684828202664,0.00662234644581562,0.03309742778869664,0.21465063671860504,0.07863951670956937,0.019767205977044146,0.0023514944782668887,0.00032241445745404544,0.000168427872372504,-0.001210896138006457,0.015678241493495927,-0.00032081236908672116,-0.007090518808628663,-0.0015435720155079062,-0.0001798079676098365,0.00021882081702318304,-0.0012841501826476903,0.001800323105016549,0.000772394827762724,0.0029534715019946026,0.000644675107917976,0.4213885966042828,5.970194074997014,0.30889695462758265,0.03263112117488155,0.0
0.1635626485581768,0.011626363467201648,0.0004172279924105633,0.0016786024219815458,0.006253171537335127,0.03638386811918359,0.16678451726722401,-0.10638562554467769,-0.02147496381546859,-0.0018653811007014389,0.0003087690300968191,0.0005440157747921397,-9.288280139804833e-05,0.015911980827064236,0.025566039862305705,0.003725421868428767,0.0023127796922964476,7.627063262999952e-05,0.00020727156416132839,-0.000976785051102525,0.0005141597334491279,-0.0007937024637052991,-0.0008791270458304103,-0.0008130027866458426,-0.12537114291484341,-0.011555346561122335,-0.00024190091032928398,0.0007953684828202664,0.00662234644581562,0.03309742778869664,0.21465063671860504,0.07863951670956937,0.019767205977044146,0.0023514944782668887,0.00032241445745404544,0.000168427872372504,-0.001210896138006457,0.015678241493495927,-0.00032081236908672116,-0.007090518808628663,-0.0015435720155079062,-0.0001798079676098365,0.00021882081702318304,-0.0012841501826476903,0.001801323105016549,0.0007713948277627239,0.0029534715019946026,0.000644675107917976,0.4213914849870745,5.970193864500658,0.3088860733359675,0.03263068630982973,0.0
0.1635626485581768,0.011626363467201648,0.0004172279924105633,0.0016786024219815458,0.006253171537335127,0.03638386811918359,0.16678451726722401,-0.10638562554467769,-0.02147496381546859,-0.0018653811007014389,0.0003087690300968191,0.0005440157747921397,-9.288280139804833e-05,0.015911980827064236,0.025566039862305705,0.003725421868428767,0.0023127796922964476,7.627063262999952e-05,0.00020727156416132839,-0.000976785051102525,0.0005141597334491279,-0.0007937024637052991,-0.0008791270458304103,-0.0008130027866458426,-0.12537114291484341,-0.011555346561122335,-0.00024190091032928398,0.0007953684828202664,0.00662234644581562,0.03309742778869664,0.21465063671860504,0.07863951670956937,0.019767205977044146,0.0023514944782668887,0.00032241445745404544,0.000168427872372504,-0.001210896138006457,0.015678241493495927,-0.00032081236908672116,-0.007090518808628663,-0.0015435720155079062,-0.0001798079676098365,0.00021882081702318304,-0.0012841501826476903,0.001800323105016549,0.0007713948277627239,0.0029534715019946026,0.0006456751079179761,0.421392523804877,5.970193035605658,0.3088759300353779,0.03263202670739928,0.0
0.1635626485581768,0.011626363467201648,0.0004172279924105633,0.0016786024219815458,0.006253171537335127,0.03638386811918359,0.16678451726722401,-0.10638562554467769,-0.02147496381546859,-0.0018653811007014389,0.0003087690300968191,0.0005440157747921397,-9.288280139804833e-05,0.015911980827064236,0.025566039862305705,0.003725421868428767,0.0023127796922964476,7.627063262999952e-05,0.00020727156416132839,-0.000976785051102525,0.0005141597334491279,-0.0007937024637052991,-0.0008791270458304103,-0.0008130027866458426,-0.12537114291484341,-0.011555346561122335,-0.00024190091032928398,0.0007953684828202664,0.00662234644581562,0.03309742778869664,0.21465063671860504,0.07863951670956937,0.019767205977044146,0.0023514944782668887,0.00032241445745404544,0.000168427872372504,-0.001210896138006457,0.015678241493495927,-0.00032081236908672116,-0.007090518808628663,-0.0015435720155079062,-0.0001798079676098365,0.00021882081702318304,-0.0012841501826476903,0.001800323105016549,0.0007713948277627239,0.0029544715019946028,0.000644675107917976,0.42139556079236334,5.970192478601236,0.30886008714505403,0.032630721641720414,0.0
0.16356286732368078,0.011625873325410669,0.00041879372134707445,0.001737883260357701,0.006312859067955949,0.03639923044577094,0.16678891509473506,-0.10637918288434976,-0.021446594698579447,-0.0018062011373715695,0.0003090272752952359,0.00054289065007896,-9.323689570574276e-05,0.015912025161796378,0.025566478365275334,0.003725814759003756,0.00231439897712431,7.713984867819365e-05,0.00020773477352237156,-0.000976804969391549,0.0005139773354494342,-0.0007953042592074395,-0.0008805937803308378,-0.0008124502373514051,-0.1253711407287169,-0.011555713637016308,-0.0002418156942330597,0.0007935605474653534,0.006622898889123138,0.03309616964106281,0.21465047240611573,0.07864707941844418,0.019798050192388117,0.002351208096456738,0.00032437639738436887,0.0001672823538924178,-0.0012098313969995027,0.01567829700465959,-0.00032031686615470424,-0.007090433259200966,-0.0015422678230260366,-0.00018134330532356362,0.0002191053721465099,-0.0012849498474128097,0.0017999089765607529,0.0007699421819278265,0.0029555343894404214,0.0006452240056684254,0.42141296691491703,5.970227723276019,0.31993522010375336,0.03896459982206729,0.0
0.16356270329353773,0.011626241652155813,0.00041762044618237897,0.0016934251052490683,0.00626808999598305,0.0363877086731082,0.16678561694463007,-0.10638401449849501,-0.021467872516894585,-0.0018505834539411634,0.0003088377902645257,0.000543736345902374,-9.297135377858047e-05,0.01591199177747899,0.025566149428890884,0.0037255196660013596,0.0023131846865814642,7.648891360578577e-05,0.00020738793970458383,-0.0009767895593517763,0.000514114209017784,-0.0007941026194045545,-0.0008794935889005841,-0.0008128641008432512,-0.12537114230038038,-0.01155543753493053,-0.0002418795766916336,0.0007949220470956739,0.006622480045541749,0.0330971122842484,0.2146505954918047,0.07864140714060132,0.019774914987700738,0.002351431038744195,0.0003229081696341367,0.00016814364863110314,-0.0012106299905594664,0.015678255666462568,-0.0003206883412614019,-0.0070904974206933485,-0.0015432452141934748,-0.00018019102178172728,0.0002188924228070346,-0.0012843498879373015,0.0018002195200664281,0.0007710318724741067,0.0029539868463248314,0.0006448125246068611,0.42139691112251837,5.97020168306233,0.30578076071068294,0.03414850650136093,0.0
0.16356270329353773,0.011626241652155813,0.00041762044618237897,0.0016934251052490683,0.00626808999598305,0.0363877086731082,0.16678561694463007,-0.10638401449849501,-0.021467872516894585,-0.0018505834539411634,0.0003088377902645257,0.000543736345902374,-9.297135377858047e-05,0.01591199177747899,0.025566149428890884,0.0037255196660013596,0.0023131846865814642,7.648891360578577e-05,0.00020738793970458383,-0.0009767895593517763,0.000514114209017784,-0.0007941026194045545,-0.0008794935889005841,-0.0008128641008432512,-0.12537114230038038,-0.01155543753493053,-0.0002418795766916336,0.0007949220470956739,0.006622480045541749,0.0330971122842484,0.2146505954918047,0.07864140714060132,0.019774914987700738,0.002351431038744195,0.0003229081696341367,0.00016814364863110314,-0.0012106299905594664,0.015678255666462568,-0.0003206883412614019,-0.0070904974206933485,-0.0015432452141934748,-0.00018019102178172728,0.0002188924228070346,-0.0012843498879373015,0.0018002195200664281,0.0007710318724741067,0.0029539868463248314,0.0006448125246068611,0.42139691112251837,5.97020168306233,0.30578076071068294,0.03414850650136093,0.0
0.16356270329353773,0.011627404276321028,0.00041762044618237897,0.0016934251052490683,0.00626808999598305,0.0363877086731082,0.16678561694463007,-0.10638401449849501,-0.021467872516894585,-0.0018505834539411634,0.0003088377902645257,0.000543736345902374,-9.297135377858047e-05,0.01591199177747899,0.025566149428890884,0.0037255196660013596,0.0023131846865814642,7.648891360578577e-05,0.00020738793970458383,-0.0009767895593517763,0.000514114209017784,-0.0007941026194045545,-0.0008794935889005841,-0.0008128641008432512,-0.12537114230038038,-0.01155543753493053,-0.0002418795766916336,0.0007949220470956739,0.006622480045541749,0.0330971122842484,0.2146505954918047,0.07864140714060132,0.019774914987700738,0.002351431038744195,0.0003229081696341367,0.00016814364863110314,-0.0012106299905594664,0.015678255666462568,-0.0003206883412614019,-0.0070904974206933485,-0.0015432452141934748,-0.00018019102178172728,0.0002188924228070346,-0.0012843498879373015,0.0018002195200664281,0.0007710318724741067,0.0029539868463248314,0.0006448125246068611,0.42139689482287934,5.970201675798368,0.30578566081454556,0.03415093092934612,0.0
0.1635790595638671,0.011626241652155813,0.00041762044618237897,0.0016934251052490683,0.00626808999598305,0.0363877086731082,0.16678561694463007,-0.10638401449849501,-0.021467872516894585,-0.0018505834539411634,0.0003088377902645257,0.000543736345902374,-9.297135377858047e-05,0.01591199177747899,0.025566149428890884,0.0037255196660013596,0.0023131846865814642,7.648891360578577e-05,0.00020738793970458383,-0.0009767895593517763,0.000514114209017784,-0.0007941026194045545,-0.0008794935889005841,-0.0008128641008432512,-0.12537114230038038,-0.01155543753493053,-0.0002418795766916336,0.0007949220470956739,0.006622480045541749,0.0330971122842484,0.2146505954918047,0.07864140714060132,0.019774914987700738,0.002351431038744195,0.0003229081696341367,0.00016814364863110314,-0.0012106299905594664,0.015678255666462568,-0.0003206883412614019,-0.0070904974206933485,-0.0015432452141934748,-0.00018019102178172728,0.0002188924228070346,-0.0012843498879373015,0.0018002195200664281,0.0007710318724741067,0.0029539868463248314,0.0006448125246068611,0.42139926961070956,5.970202537512514,0.3057288863637853,0.034151744716758525,0.0
0.16356270329353773,0.011626241652155813,0.000418620446182379,0.0016934251052490683,0.00626808999598305,0.0363877086731082,0.16678561694463007,-0.10638401449849501,-0.021467872516894585,-0.0018505834539411634,0.0003088377902645257,0.000543736345902374,-9.297135377858047e-05,0.01591199177747899,0.025566149428890884,0.0037255196660013596,0.0023131846865814642,7.648891360578577e-05,0.00020738793970458383,-0.0009767895593517763,0.000514114209017784,-0.0007941026194045545,-0.0008794935889005841,-0.0008128641008432512,-0.12537114230038038,-0.01155543753493053,-0.0002418795766916336,0.0007949220470956739,0.006622480045541749,0.0330971122842484,0.2146505954918047,0.07864140714060132,0.019774914987700738,0.002351431038744195,0.0003229081696341367,0.00016814364863110314,-0.0012106299905594664,0.015678255666462568,-0.0003206883412614019,-0.0070904974206933485,-0.0015432452141934748,-0.00018019102178172728,0.0002188924228070346,-0.0012843498879373015,0.0018002195200664281,0.0007710318724741067,0.0029539868463248314,0.0006448125246068611,0.42139691880044927,5.9702017164143255,0.305759672771122,0.034153235814674845,0.0
0.16356270329353773,0.011626241652155813,0.00041762044618237897,0.0016944251052490682,0.00626808999598305,0.0363877086731082,0.16678561694463007,-0.10638401449849501,-0.021467872516894585,-0.0018505834539411634,0.0003088377902645257,0.000543736345902374,-9.297135377858047e-05,0.01591199177747899,0.025566149428890884,0.0037255196660013596,0.0023131846865814642,7.648891360578577e-05,0.00020738793970458383,-0.0009767895593517763,0.000514114209017784,-0.0007941026194045545,-0.0008794935889005841,-0.0008128641008432512,-0.12537114230038038,-0.01155543753493053,-0.0002418795766916336,0.0007949220470956739,0.006622480045541749,0.0330971122842484,0.2146505954918047,0.07864140714060132,0.019774914987700738,0.002351431038744195,0.0003229081696341367,0.00016814364863110314,-0.0012106299905594664,0.015678255666462568,-0.0003206883412614019,-0.0070904974206933485,-0.0015432452141934748,-0.00018019102178172728,0.0002188924228070346,-0.0012843498879373015,0.0018002195200664281,0.0007710318724741067,0.0029539868463248314,0.0006448125246068611,0.42139687059451114,5.970201782763228,0.30574446470132327,0.03418659294192195,0.0
0.16356270329353773,0.011626241652155813,0.00041762044618237897,0.0016934251052490683,0.00626808999598305,0.03639134744397551,0.16678561694463007,-0.10638401449849501,-0.021467872516894585,-0.0018505834539411634,0.0003088377902645257,0.000543736345902374,-9.297135377858047e-05,0.01591199177747899,0.025566149428890884,0.0037255196660013596,0.0023131846865814642,7.648891360578577e-05,0.00020738793970458383,-0.0009767895593517763,0.000514114209017784,-0.0007941026194045545,-0.0008794935889005841,-0.0008128641008432512,-0.12537114230038038,-0.01155543753493053,-0.0002418795766916336,0.0007949220470956739,0.006622480045541749,0.0330971122842484,0.2146505954918047,0.07864140714060132,0.019774914987700738,0.002351431038744195,0.0003229081696341367,0.00016814364863110314,-0.0012106299905594664,0.015678255666462568,-0.0003206883412614019,-0.0070904974206933485,-0.0015432452141934748,-0.00018019102178172728,0.0002188924228070346,-0.0012843498879373015,0.0018002195200664281,0.0007710318724741067,0.0029539868463248314,0.0006448125246068611,0.42139631659745225,5.970202100404554,0.3057732713799071,0.034175079127547685,0.0
0.16356270329353773,0.011626241652155813,0.00041762044618237897,0.0016934251052490683,0.00626908999598305,0.0363877086731082,0.16678561694463007,-0.10638401449849501,-0.021467872516894585,-0.0018505834539411634,0.0003088377902645257,0.000543736345902374,-9.297135377858047e-05,0.01591199177747899,0.025566149428890884,0.0037255196660013596,0.0023131846865814642,7.648891360578577e-05,0.00020738793970458383,-0.0009767895593517763,0.000514114209017784,-0.0007941026194045545,-0.0008794935889005841,-0.0008128641008432512,-0.12537114230038038,-0.01155543753493053,-0.0002418795766916336,0.0007949220470956739,0.006622480045541749,0.0330971122842484,0.2146505954918047,0.07864140714060132,0.019774914987700738,0.002351431038744195,0.0003229081696341367,0.00016814364863110314,-0.0012106299905594664,0.015678255666462568,-0.0003206883412614019,-0.0070904974206933485,-0.0015432452141934748,-0.00018019102178172728,0.0002188924228070346,-0.0012843498879373015,0.0018002195200664281,0.0007710318724741067,0.0029539868463248314,0.0006448125246068611,0.42139686799040527,5.970201820224452,0.30574358037984106,0.034165223696364246,0.0
0.16356270329353773,0.011626241652155813,0.00041762044618237897,0.0016934251052490683,0.00626808999598305,0.0363877086731082,0.16678561694463007,-0.10637337609704516,-0.021467872516894585,-0.0018505834539411634,0.0003088377902645257,0.000543736345902374,-9.297135377858047e-05,0.01591199177747899,0.025566149428890884,0.0037255196660013596,0.0023131846865814642,7.648891360578577e-05,0.00020738793970458383,-0.0009767895593517763,0.000514114209017784,-0.0007941026194045545,-0.0008794935889005841,-0.0008128641008432512,-0.12537114230038038,-0.01155543753493053,-0.0002418795766916336,0.0007949220470956739,0.006622480045541749,0.0330971122842484,0.2146505954918047,0.07864140714060132,0.019774914987700738,0.002351431038744195,0.0003229081696341367,0.00016814364863110314,-0.0012106299905594664,0.015678255666462568,-0.0003206883412614019,-0.0070904974206933485,-0.0015432452141934748,-0.00018019102178172728,0.0002188924228070346,-0.0012843498879373015,0.0018002195200664281,0.0007710318724741067,0.0029539868463248314,0.0006448125246068611,0.42136408960658805,5.970165245187242,0.30584386626637355,0.03419570845031289,0.0
0.16356270329353773,0.011626241652155813,0.00041762044618237897,0.0016934251052490683,0.00626808999598305,0.0363877086731082,0.16680229550632453,-0.10638401449849501,-0.021467872516894585,-0.0018505834539411634,0.0003088377902645257,0.000543736345902374,-9.297135377858047e-05,0.01591199177747899,0.025566149428890884,0.0037255196660013596,0.0023131846865814642,7.648891360578577e-05,0.00020738793970458383,-0.0009767895593517763,0.000514114209017784,-0.0007941026194045545,-0.0008794935889005841,-0.0008128641008432512,-0.12537114230038038,-0.01155543753493053,-0.0002418795766916336,0.0007949220470956739,0.006622480045541749,0.0330971122842484,0.2146505954918047,0.07864140714060132,0.019774914987700738,0.002351431038744195,0.0003229081696341367,0.00016814364863110314,-0.0012106299905594664,0.015678255666462568,-0.0003206883412614019,-0.0070904974206933485,-0.0015432452141934748,-0.00018019102178172728,0.0002188924228070346,-0.0012843498879373015,0.0018002195200664281,0.0007710318724741067,0.0029539868463248314,0.0006448125246068611,0.42138363492899183,5.969872169438267,0.3058042529859524,0.03418005830041759,0.0
0.16356270329353773,0.011626241652155813,0.00041762044618237897,0.0016934251052490683,0.00626808999598305,0.0363877086731082,0.16678561694463007,-0.10638401449849501,-0.021467872516894585,-0.0018495834539411634,0.0003088377902645257,0.000543736345902374,-9.297135377858047e-05,0.01591199177747899,0.025566149428890884,0.0037255196660013596,0.0023131846865814642,7.648891360578577e-05,0.00020738793970458383,-0.0009767895593517763,0.000514114209017784,-0.0007941026194045545,-0.0008794935889005841,-0.0008128641008432512,-0.12537114230038038,-0.01155543753493053,-0.0002418795766916336,0.0007949220470956739,0.006622480045541749,0.0330971122842484,0.2146505954918047,0.07864140714060132,0.019774914987700738,0.002351431038744195,0.0003229081696341367,0.00016814364863110314,-0.0012106299905594664,0.015678255666462568,-0.0003206883412614019,-0.0070904974206933485,-0.0015432452141934748,-0.00018019102178172728,0.0002188924228070346,-0.0012843498879373015,0.0018002195200664281,0.0007710318724741067,0.0029539868463248314,0.0006448125246068611,0.4213969512527378,5.970201851929985,0.3057456309863056,0.03418685302952727,0.0
0.16356270329353773,0.011626241652155813,0.00041762044618237897,0.0016934251052490683,0.00626808999598305,0.0363877086731082,0.16678561694463007,-0.10638401449849501,-0.021465725729642896,-0.0018505834539411634,0.0003088377902645257,0.000543736345902374,-9.297135377858047e-05,0.01591199177747899,0.025566149428890884,0.0037255196660013596,0.0023131846865814642,7.648891360578577e-05,0.00020738793970458383,-0.0009767895593517763,0.000514114209017784,-0.0007941026194045545,-0.0008794935889005841,-0.0008128641008432512,-0.12537114230038038,-0.01155543753493053,-0.0002418795766916336,0.0007949220470956739,0.006622480045541749,0.0330971122842484,0.2146505954918047,0.07864140714060132,0.019774914987700738,0.002351431038744195,0.0003229081696341367,0.00016814364863110314,-0.0012106299905594664,0.015678255666462568,-0.0003206883412614019,-0.0070904974206933485,-0.0015432452141934748,-0.00018019102178172728,0.0002188924228070346,-0.0012843498879373015,0.0018002195200664281,0.0007710318724741067,0.0029539868463248314,0.0006448125246068611,0.4213966634523,5.970200702776328,0.30572236187482843,0.03416811779348014,0.0
0.16356270329353773,0.011626241652155813,0.00041762044618237897,0.0016934251052490683,0.00626808999598305,0.0363877086731082,0.16678561694463007,-0.10638401449849501,-0.021467872516894585,-0.0018505834539411634,0.0003088377902645257,0.000544736345902374,-9.297135377858047e-05,0.01591199177747899,0.025566149428890884,0.0037255196660013596,0.0023131846865814642,7.648891360578577e-05,0.00020738793970458383,-0.0009767895593517763,0.000514114209017784,-0.0007941026194045545,-0.0008794935889005841,-0.0008128641008432512,-0.12537114230038038,-0.01155543753493053,-0.0002418795766916336,0.0007949220470956739,0.006622480045541749,0.0330971122842484,0.2146505954918047,0.07864140714060132,0.019774914987700738,0.002351431038744195,0.0003229081696341367,0.00016814364863110314,-0.0012106299905594664,0.015678255666462568,-0.0003206883412614019,-0.0070904974206933485,-0.0015432452141934748,-0.00018019102178172728,0.0002188924228070346,-0.0012843498879373015,0.0018002195200664281,0.0007710318724741067,0.0029539868463248314,0.0006448125246068611,0.42139693028402825,5.970202073147635,0.3057893624477403,0.0341538496304284,0.0
0.16356270329353773,0.011626241652155813,0.00041762044618237897,0.0016934251052490683,0.00626808999598305,0.0363877086731082,0.16678561694463007,-0.10638401449849501,-0.021467872516894585,-0.0018505834539411634,0.00030983779026452573,0.000543736345902374,-9.297135377858047e-05,0.01591199177747899,0.025566149428890884,0.0037255196660013596,0.0023131846865814642,7.648891360578577e-05,0.00020738793970458383,-0.0009767895593517763,0.000514114209017784,-0.0007941026194045545,-0.0008794935889005841,-0.0008128641008432512,-0.12537114230038038,-0.01155543753493053,-0.0002418795766916336,0.0007949220470956739,0.006622480045541749,0.0330971122842484,0.2146505954918047,0.07864140714060132,0.019774914987700738,0.002351431038744195,0.0003229081696341367,0.00016814364863110314,-0.0012106299905594664,0.015678255666462568,-0.0003206883412614019,-0.0070904974206933485,-0.0015432452141934748,-0.00018019102178172728,0.0002188924228070346,-0.0012843498879373015,0.0018002195200664281,0.0007710318724741067,0.0029539868463248314,0.0006448125246068611,0.42139691439286364,5.970201708276848,0.30577153790237444,0.034163260419377825,0.0
0.16356270329353773,0.011626241652155813,0.00041762044618237897,0.0016934251052490683,0.00626808999598305,0.0363877086731082,0.16678561694463007,-0.10638401449849501,-0.021467872516894585,-0.0018505834539411634,0.0003088377902645257,0.000543736345902374,-9.297135377858047e-05,0.01591358297665674,0.025566149428890884,0.0037255196660013596,0.0023131846865814642,7.648891360578577e-05,0.00020738793970458383,-0.0009767895593517763,0.000514114209017784,-0.0007941026194045545,-0.0008794935889005841,-0.0008128641008432512,-0.12537114230038038,-0.01155543753493053,-0.0002418795766916336,0.0007949220470956739,0.006622480045541749,0.0330971122842484,0.2146505954918047,0.07864140714060132,0.019774914987700738,0.002351431038744195,0.0003229081696341367,0.00016814364863110314,-0.0012106299905594664,0.015678255666462568,-0.0003206883412614019,-0.0070904974206933485,-0.0015432452141934748,-0.00018019102178172728,0.0002188924228070346,-0.0012843498879373015,0.0018002195200664281,0.0007710318724741067,0.0029539868463248314,0.0006448125246068611,0.4213973467649299,5.970202076555522,0.3057815657640043,0.034147972398889885,0.0
0.16356270329353773,0.011626241652155813,0.00041762044618237897,0.0016934251052490683,0.00626808999598305,0.0363877086731082,0.16678561694463007,-0.10638401449849501,-0.021467872516894585,-0.0018505834539411634,0.0003088377902645257,0.000543736345902374,-9.197135377858048e-05,0.01591199177747899,0.025566149428890884,0.0037255196660013596,0.0023131846865814642,7.648891360578577e-05,0.00020738793970458383,-0.0009767895593517763,0.000514114209017784,-0.0007941026194045545,-0.0008794935889005841,-0.0008128641008432512,-0.12537114230038038,-0.01155543753493053,-0.0002418795766916336,0.0007949220470956739,0.006622480045541749,0.0330971122842484,0.2146505954918047,0.07864140714060132,0.019774914987700738,0.002351431038744195,0.0003229081696341367,0.00016814364863110314,-0.0012106299905594664,0.015678255666462568,-0.0003206883412614019,-0.0070904974206933485,-0.0015432452141934748,-0.00018019102178172728,0.0002188924228070346,-0.0012843498879373015,0.0018002195200664281,0.0007710318724741067,0.0029539868463248314,0.0006448125246068611,0.42139701075904484,5.970203678158226,0.3057837127820775,0.034148258443148075,0.0
0.16356270329353773,0.011626241652155813,0.00041762044618237897,0.0016934251052490683,0.00626808999598305,0.0363877086731082,0.16678561694463007,-0.10638401449849501,-0.021467872516894585,-0.0018505834539411634,0.0003088377902645257,0.000543736345902374,-9.297135377858047e-05,0.01591199177747899,0.025566149428890884,0.0037265196660013597,0.0023131846865814642,7.648891360578577e-05,0.00020738793970458383,-0.0009767895593517763,0.000514114209017784,-0.0007941026194045545,-0.0008794935889005841,-0.0008128641008432512,-0.12537114230038038,-0.01155543753493053,-0.0002418795766916336,0.0007949220470956739,0.006622480045541749,0.0330971122842484,0.2146505954918047,0.07864140714060132,0.019774914987700738,0.002351431038744195,0.0003229081696341367,0.00016814364863110314,-0.0012106299905594664,0.015678255666462568,-0.0003206883412614019,-0.0070904974206933485,-0.0015432452141934748,-0.00018019102178172728,0.0002188924228070346,-0.0012843498879373015,0.0018002195200664281,0.0007710318724741067,0.0029539868463248314,0.0006448125246068611,0.42139658079612674,5.97020228603154,0.30577258828308057,0.034147037963612695,0.0
0.16356270329353773,0.011626241652155813,0.00041762044618237897,0.0016934251052490683,0.00626808999598305,0.0363877086731082,0.16678561694463007,-0.10638401449849501,-0.021467872516894585,-0.0018505834539411634,0.0003088377902645257,0.000543736345902374,-9.297135377858047e-05,0.01591199177747899,0.025568706043833773,0.0037255196660013596,0.0023131846865814642,7.648891360578577e-05,0.00020738793970458383,-0.0009767895593517763,0.000514114209017784,-0.0007941026194045545,-0.0008794935889005841,-0.0008128641008432512,-0.12537114230038038,-0.01155543753493053,-0.0002418795766916336,0.0007949220470956739,0.006622480045541749,0.0330971122842484,0.2146505954918047,0.07864140714060132,0.019774914987700738,0.002351431038744195,0.0003229081696341367,0.00016814364863110314,-0.0012106299905594664,0.015678255666462568,-0.0003206883412614019,-0.0070904974206933485,-0.0015432452141934748,-0.00018019102178172728,0.0002188924228070346,-0.0012843498879373015,0.0018002195200664281,0.0007710318724741067,0.0029539868463248314,0.0006448125246068611,0.42139940281435806,5.970199847844316,0.3057695072660412,0.03414870659954579,0.0
0.16356270329353773,0.011626241652155813,0.00041762044618237897,0.0016934251052490683,0.00626808999598305,0.0363877086731082,0.16678561694463007,-0.10638401449849501,-0.021467872516894585,-0.0018505834539411634,0.0003088377902645257,0.000543736345902374,-9.297135377858047e-05,0.01591199177747899,0.025566149428890884,0.0037255196660013596,0.0023141846865814644,7.648891360578577e-05,0.00020738793970458383,-0.0009767895593517763,0.000514114209017784,-0.0007941026194045545,-0.0008794935889005841,-0.0008128641008432512,-0.12537114230038038,-0.01155543753493053,-0.0002418795766916336,0.0007949220470956739,0.006622480045541749,0.0330971122842484,0.2146505954918047,0.07864140714060132,0.019774914987700738,0.002351431038744195,0.0003229081696341367,0.00016814364863110314,-0.0012106299905594664,0.015678255666462568,-0.0003206883412614019,-0.0070904974206933485,-0.0015432452141934748,-0.00018019102178172728,0.0002188924228070346,-0.0012843498879373015,0.0018002195200664281,0.0007710318724741067,0.0029539868463248314,0.0006448125246068611,0.4213967293207942,5.970201429391009,0.30575917769567923,0.03415028761362036,0.0
0.16356270329353773,0.011626241652155813,0.00041762044618237897,0.0016934251052490683,0.00626808999598305,0.0363877086731082,0.16678561694463007,-0.10638401449849501,-0.021467872516894585,-0.0018505834539411634,0.0003088377902645257,0.000543736345902374,-9.297135377858047e-05,0.01591199177747899,0.025566149428890884,0.0037255196660013596,0.0023131846865814642,7.748891360578576e-05,0.00020738793970458383,-0.0009767895593517763,0.000514114209017784,-0.0007941026194045545,-0.0008794935889005841,-0.0008128641008432512,-0.12537114230038038,-0.01155543753493053,-0.0002418795766916336,0.0007949220470956739,0.006622480045541749,0.0330971122842484,0.2146505954918047,0.07864140714060132,0.019774914987700738,0.002351431038744195,0.0003229081696341367,0.00016814364863110314,-0.0012106299905594664,0.015678255666462568,-0.0003206883412614019,-0.0070904974206933485,-0.0015432452141934748,-0.00018019102178172728,0.0002188924228070346,-0.0012843498879373015,0.0018002195200664281,0.0007710318724741067,0.0029539868463248314,0.0006448125246068611,0.42139684360099605,5.970201773418976,0.30576769982907703,0.03415243023546019,0.0
0.16356270329353773,0.011626241652155813,0.00041762044618237897,0.0016934251052490683,0.00626808999598305,0.0363877086731082,0.16678561694463007,-0.10638401449849501,-0.021467872516894585,-0.0018505834539411634,0.0003088377902645257,0.000543736345902374,-9.297135377858047e-05,0.01591199177747899,0.025566149428890884,0.0037255196660013596,0.0023131846865814642,7.648891360578577e-05,0.00020838793970458382,-0.0009767895593517763,0.000514114209017784,-0.0007941026194045545,-0.0008794935889005841,-0.0008128641008432512,-0.12537114230038038,-0.01155543753493053,-0.0002418795766916336,0.0007949220470956739,0.006622480045541749,0.0330971122842484,0.2146505954918047,0.07864140714060132,0.019774914987700738,0.002351431038744195,0.0003229081696341367,0.00016814364863110314,-0.0012106299905594664,0.015678255666462568,-0.0003206883412614019,-0.0070904974206933485,-0.0015432452141934748,-0.00018019102178172728,0.0002188924228070346,-0.0012843498879373015,0.0018002195200664281,0.0007710318724741067,0.0029539868463248314,0.0006448125246068611,0.42139686208250204,5.970201582678577,0.3057715876375675,0.034150700262554845,0.0
0.16356270329353773,0.011626241652155813,0.00041762044618237897,0.0016934251052490683,0.00626808999598305,0.0363877086731082,0.16678561694463007,-0.10638401449849501,-0.021467872516894585,-0.0018505834539411634,0.0003088377902645257,0.000543736345902374,-9.297135377858047e-05,0.01591199177747899,0.025566149428890884,0.0037255196660013596,0.0023131846865814642,7.648891360578577e-05,0.00020738793970458383,-0.0009757895593517763,0.000514114209017784,-0.0007941026194045545,-0.0008794935889005841,-0.0008128641008432512,-0.12537114230038038,-0.01155543753493053,-0.0002418795766916336,0.0007949220470956739,0.006622480045541749,0.0330971122842484,0.2146505954918047,0.07864140714060132,0.019774914987700738,0.002351431038744195,0.0003229081696341367,0.00016814364863110314,-0.0012106299905594664,0.015678255666462568,-0.0003206883412614019,-0.0070904974206933485,-0.0015432452141934748,-0.00018019102178172728,0.0002188924228070346,-0.0012843498879373015,0.0018002195200664281,0.0007710318724741067,0.0029539868463248314,0.0006448125246068611,0.4213967198249349,5.9702023403020545,0.305778339631126,0.03415011896359995,0.0
0.16356270329353773,0.011626241652155813,0.00041762044618237897,0.0016934251052490683,0.00626808999598305,0.0363877086731082,0.16678561694463007,-0.10638401449849501,-0.021467872516894585,-0.0018505834539411634,0.0003088377902645257,0.000543736345902374,-9.297135377858047e-05,0.01591199177747899,0.025566149428890884,0.0037255196660013596,0.0023131846865814642,7.648891360578577e-05,0.00020738793970458383,-0.0009767895593517763,0.000515114209017784,-0.0007941026194045545,-0.0008794935889005841,-0.0008128641008432512,-0.12537114230038038,-0.01155543753493053,-0.0002418795766916336,0.0007949220470956739,0.006622480045541749,0.0330971122842484,0.2146505954918047,0.07864140714060132,0.019774914987700738,0.002351431038744195,0.0003229081696341367,0.00016814364863110314,-0.0012106299905594664,0.015678255666462568,-0.0003206883412614019,-0.0070904974206933485,-0.0015432452141934748,-0.00018019102178172728,0.0002188924228070346,-0.0012843498879373015,0.0018002195200664281,0.0007710318724741067,0.0029539868463248314,0.0006448125246068611,0.42139662432853514,5.970202088413834,0.3057809009114506,0.03414861125415236,0.0
0.16356270329353773,0.011626241652155813,0.00041762044618237897,0.0016934251052490683,0.00626808999598305,0.0363877086731082,0.16678561694463007,-0.10638401449849501,-0.021467872516894585,-0.0018505834539411634,0.0003088377902645257,0.000543736345902374,-9.297135377858047e-05,0.01591199177747899,0.025566149428890884,0.0037255196660013596,0.0023131846865814642,7.648891360578577e-05,0.00020738793970458383,-0.0009767895593517763,0.000514114209017784,-0.0007931026194045545,-0.0008794935889005841,-0.0008128641008432512,-0.12537114230038038,-0.01155543753493053,-0.0002418795766916336,0.0007949220470956739,0.006622480045541749,0.0330971122842484,0.2146505954918047,0.07864140714060132,0.019774914987700738,0.002351431038744195,0.0003229081696341367,0.00016814364863110314,-0.0012106299905594664,0.015678255666462568,-0.0003206883412614019,-0.0070904974206933485,-0.0015432452141934748,-0.00018019102178172728,0.0002188924228070346,-0.0012843498879373015,0.0018002195200664281,0.0007710318724741067,0.0029539868463248314,0.0006448125246068611,0.42139313670200756,5.970201978889513,0.3057924816992336,0.03414876373757626,0.0
0.16356270329353773,0.011626241652155813,0.00041762044618237897,0.0016934251052490683,0.00626808999598305,0.0363877086731082,0.16678561694463007,-0.10638401449849501,-0.021467872516894585,-0.0018505834539411634,0.0003088377902645257,0.000543736345902374,-9.297135377858047e-05,0.01591199177747899,0.025566149428890884,0.0037255196660013596,0.0023131846865814642,7.648891360578577e-05,0.00020738793970458383,-0.0009767895593517763,0.000514114209017784,-0.0007941026194045545,-0.000878493588900584,-0.0008128641008432512,-0.12537114230038038,-0.01155543753493053,-0.0002418795766916336,0.0007949220470956739,0.006622480045541749,0.0330971122842484,0.2146505954918047,0.07864140714060132,0.019774914987700738,0.002351431038744195,0.0003229081696341367,0.00016814364863110314,-0.0012106299905594664,0.015678255666462568,-0.0003206883412614019,-0.0070904974206933485,-0.0015432452141934748,-0.00018019102178172728,0.0002188924228070346,-0.0012843498879373015,0.0018002195200664281,0.0007710318724741067,0.0029539868463248314,0.0006448125246068611,0.42139444901016476,5.9702008310384285,0.30578890532190717,0.03414812797398002,0.0
0.16356270329353773,0.011626241652155813,0.00041762044618237897,0.0016934251052490683,0.00626808999598305,0.0363877086731082,0.16678561694463007,-0.10638401449849501,-0.021467872516894585,-0.0018505834539411634,0.0003088377902645257,0.000543736345902374,-9.297135377858047e-05,0.01591199177747899,0.025566149428890884,0.0037255196660013596,0.0023131846865814642,7.648891360578577e-05,0.00020738793970458383,-0.0009767895593517763,0.000514114209017784,-0.0007941026194045545,-0.0008794935889005841,-0.0008118641008432512,-0.12537114230038038,-0.01155543753493053,-0.0002418795766916336,0.0007949220470956739,0.006622480045541749,0.0330971122842484,0.2146505954918047,0.07864140714060132,0.019774914987700738,0.002351431038744195,0.0003229081696341367,0.00016814364863110314,-0.0012106299905594664,0.015678255666462568,-0.0003206883412614019,-0.0070904974206933485,-0.0015432452141934748,-0.00018019102178172728,0.0002188924228070346,-0.0012843498879373015,0.0018002195200664281,0.0007710318724741067,0.0029539868463248314,0.0006448125246068611,0.4213966572656863,5.970201864629879,0.30576895916131586,0.03415067498411216,0.0
0.16356270329353773,0.011626241652155813,0.00041762044618237897,0.0016934251052490683,0.00626808999598305,0.0363877086731082,0.16678561694463007,-0.10638401449849501,-0.021467872516894585,-0.0018505834539411634,0.0003088377902645257,0.000543736345902374,-9.297135377858047e-05,0.01591199177747899,0.025566149428890884,0.0037255196660013596,0.0023131846865814642,7.648891360578577e-05,0.00020738793970458383,-0.0009767895593517763,0.000514114209017784,-0.0007941026194045545,-0.0008794935889005841,-0.0008128641008432512,-0.12535860518615033,-0.01155543753493053,-0.0002418795766916336,0.0007949220470956739,0.006622480045541749,0.0330971122842484,0.2146505954918047,0.07864140714060132,0.019774914987700738,0.002351431038744195,0.0003229081696341367,0.00016814364863110314,-0.0012106299905594664,0.015678255666462568,-0.0003206883412614019,-0.0070904974206933485,-0.0015432452141934748,-0.00018019102178172728,0.0002188924228070346,-0.0012843498879373015,0.0018002195200664281,0.0007710318724741067,0.0029539868463248314,0.0006448125246068611,0.42139549319125785,5.97020168306233,0.3057747141169667,0.03415049700647679,0.0
0.16356270329353773,0.011626241652155813,0.00041762044618237897,0.0016934251052490683,0.00626808999598305,0.0363877086731082,0.16678561694463007,-0.10638401449849501,-0.021467872516894585,-0.0018505834539411634,0.0003088377902645257,0.000543736345902374,-9.297135377858047e-05,0.01591199177747899,0.025566149428890884,0.0037255196660013596,0.0023131846865814642,7.648891360578577e-05,0.00020738793970458383,-0.0009767895593517763,0.000514114209017784,-0.0007941026194045545,-0.0008794935889005841,-0.0008128641008432512,-0.12537114230038038,-0.011554281991177038,-0.0002418795766916336,0.0007949220470956739,0.006622480045541749,0.0330971122842484,0.2146505954918047,0.07864140714060132,0.019774914987700738,0.002351431038744195,0.0003229081696341367,0.00016814364863110314,-0.0012106299905594664,0.015678255666462568,-0.0003206883412614019,-0.0070904974206933485,-0.0015432452141934748,-0.00018019102178172728,0.0002188924228070346,-0.0012843498879373015,0.0018002195200664281,0.0007710318724741067,0.0029539868463248314,0.0006448125246068611,0.42139696402943466,5.97020168306233,0.30578529410565114,0.03415151751320767,0.0
0.16356270329353773,0.011626241652155813,0.00041762044618237897,0.0016934251052490683,0.00626808999598305,0.0363877086731082,0.16678561694463007,-0.10638401449849501,-0.021467872516894585,-0.0018505834539411634,0.0003088377902645257,0.000543736345902374,-9.297135377858047e-05,0.01591199177747899,0.025566149428890884,0.0037255196660013596,0.0023131846865814642,7.648891360578577e-05,0.00020738793970458383,-0.0009767895593517763,0.000514114209017784,-0.0007941026194045545,-0.0008794935889005841,-0.0008128641008432512,-0.12537114230038038,-0.01155543753493053,-0.0002408795766916336,0.0007949220470956739,0.006622480045541749,0.0330971122842484,0.2146505954918047,0.07864140714060132,0.019774914987700738,0.002351431038744195,0.0003229081696341367,0.00016814364863110314,-0.0012106299905594664,0.015678255666462568,-0.0003206883412614019,-0.0070904974206933485,-0.0015432452141934748,-0.00018019102178172728,0.0002188924228070346,-0.0012843498879373015,0.0018002195200664281,0.0007710318724741067,0.0029539868463248314,0.0006448125246068611,0.4213968802927834,5.97020168306233,0.3057793618304245,0.03414849751435553,0.0
0.16356270329353773,0.011626241652155813,0.00041762044618237897,0.0016934251052490683,0.00626808999598305,0.0363877086731082,0.16678561694463007,-0.10638401449849501,-0.021467872516894585,-0.0018505834539411634,0.0003088377902645257,0.000543736345902374,-9.297135377858047e-05,0.01591199177747899,0.025566149428890884,0.0037255196660013596,0.0023131846865814642,7.648891360578577e-05,0.00020738793970458383,-0.0009767895593517763,0.000514114209017784,-0.0007941026194045545,-0.0008794935889005841,-0.0008128641008432512,-0.12537114230038038,-0.01155543753493053,-0.0002418795766916336,0.000795922047095674,0.006622480045541749,0.0330971122842484,0.2146505954918047,0.07864140714060132,0.019774914987700738,0.002351431038744195,0.0003229081696341367,0.00016814364863110314,-0.0012106299905594664,0.015678255666462568,-0.0003206883412614019,-0.0070904974206933485,-0.0015432452141934748,-0.00018019102178172728,0.0002188924228070346,-0.0012843498879373015,0.0018002195200664281,0.0007710318724741067,0.0029539868463248314,0.0006448125246068611,0.4213969243025151,5.970201656218416,0.30579516232458637,0.03416653872054848,0.0
0.16356270329353773,0.011626241652155813,0.00041762044618237897,0.0016934251052490683,0.00626808999598305,0.0363877086731082,0.16678561694463007,-0.10638401449849501,-0.021467872516894585,-0.0018505834539411634,0.0003088377902645257,0.000543736345902374,-9.297135377858047e-05,0.01591199177747899,0.025566149428890884,0.0037255196660013596,0.0023131846865814642,7.648891360578577e-05,0.00020738793970458383,-0.0009767895593517763,0.000514114209017784,-0.0007941026194045545,-0.0008794935889005841,-0.0008128641008432512,-0.12537114230038038,-0.01155543753493053,-0.0002418795766916336,0.0007949220470956739,0.006623480045541749,0.0330971122842484,0.2146505954918047,0.07864140714060132,0.019774914987700738,0.002351431038744195,0.0003229081696341367,0.00016814364863110314,-0.0012106299905594664,0.015678255666462568,-0.0003206883412614019,-0.0070904974206933485,-0.0015432452141934748,-0.00018019102178172728,0.0002188924228070346,-0.0012843498879373015,0.0018002195200664281,0.0007710318724741067,0.0029539868463248314,0.0006448125246068611,0.42139689973296135,5.970201822238025,0.30577407214181845,0.034132017067791,0.0
0.16356270329353773,0.011626241652155813,0.00041762044618237897,0.0016934251052490683,0.00626808999598305,0.0363877086731082,0.16678561694463007,-0.10638401449849501,-0.021467872516894585,-0.0018505834539411634,0.0003088377902645257,0.000543736345902374,-9.297135377858047e-05,0.01591199177747899,0.025566149428890884,0.0037255196660013596,0.0023131846865814642,7.648891360578577e-05,0.00020738793970458383,-0.0009767895593517763,0.000514114209017784,-0.0007941026194045545,-0.0008794935889005841,-0.0008128641008432512,-0.12537114230038038,-0.01155543753493053,-0.0002418795766916336,0.0007949220470956739,0.006622480045541749,0.033100421995476824,0.2146505954918047,0.07864140714060132,0.019774914987700738,0.002351431038744195,0.0003229081696341367,0.00016814364863110314,-0.0012106299905594664,0.015678255666462568,-0.0003206883412614019,-0.0070904974206933485,-0.0015432452141934748,-0.00018019102178172728,0.0002188924228070346,-0.0012843498879373015,0.0018002195200664281,0.0007710318724741067,0.0029539868463248314,0.0006448125246068611,0.4213968665630277,5.970197337130627,0.3058377507362612,0.03413921002548022,0.0
0.16356270329353773,0.011626241652155813,0.00041762044618237897,0.0016934251052490683,0.00626808999598305,0.0363877086731082,0.16678561694463007,-0.10638401449849501,-0.021467872516894585,-0.0018505834539411634,0.0003088377902645257,0.000543736345902374,-9.297135377858047e-05,0.01591199177747899,0.025566149428890884,0.0037255196660013596,0.0023131846865814642,7.648891360578577e-05,0.00020738793970458383,-0.0009767895593517763,0.000514114209017784,-0.0007941026194045545,-0.0008794935889005841,-0.0008128641008432512,-0.12537114230038038,-0.01155543753493053,-0.0002418795766916336,0.0007949220470956739,0.006622480045541749,0.0330971122842484,0.21467206055135388,0.07864140714060132,0.019774914987700738,0.002351431038744195,0.0003229081696341367,0.00016814364863110314,-0.0012106299905594664,0.015678255666462568,-0.0003206883412614019,-0.0070904974206933485,-0.0015432452141934748,-0.00018019102178172728,0.0002188924228070346,-0.0012843498879373015,0.0018002195200664281,0.0007710318724741067,0.0029539868463248314,0.0006448125246068611,0.4213517102355075,5.96979487270836,0.30582491264373507,0.0341160039411167,0.0
0.16356270329353773,0.011626241652155813,0.00041762044618237897,0.0016934251052490683,0.00626808999598305,0.0363877086731082,0.16678561694463007,-0.10638401449849501,-0.021467872516894585,-0.0018505834539411634,0.0003088377902645257,0.000543736345902374,-9.297135377858047e-05,0.01591199177747899,0.025566149428890884,0.0037255196660013596,0.0023131846865814642,7.648891360578577e-05,0.00020738793970458383,-0.0009767895593517763,0.000514114209017784,-0.0007941026194045545,-0.0008794935889005841,-0.0008128641008432512,-0.12537114230038038,-0.01155543753493053,-0.0002418795766916336,0.0007949220470956739,0.006622480045541749,0.0330971122842484,0.2146505954918047,0.07864927128131538,0.019774914987700738,0.002351431038744195,0.0003229081696341367,0.00016814364863110314,-0.0012106299905594664,0.015678255666462568,-0.0003206883412614019,-0.0070904974206933485,-0.0015432452141934748,-0.00018019102178172728,0.0002188924228070346,-0.0012843498879373015,0.0018002195200664281,0.0007710318724741067,0.0029539868463248314,0.0006448125246068611,0.4214179333845712,5.970313779027116,0.3057371673933473,0.03417697914885646,0.0
0.16356270329353773,0.011626241652155813,0.00041762044618237897,0.0016934251052490683,0.00626808999598305,0.0363877086731082,0.16678561694463007,-0.10638401449849501,-0.021467872516894585,-0.0018505834539411634,0.0003088377902645257,0.000543736345902374,-9.297135377858047e-05,0.01591199177747899,0.025566149428890884,0.0037255196660013596,0.0023131846865814642,7.648891360578577e-05,0.00020738793970458383,-0.0009767895593517763,0.000514114209017784,-0.0007941026194045545,-0.0008794935889005841,-0.0008128641008432512,-0.12537114230038038,-0.01155543753493053,-0.0002418795766916336,0.0007949220470956739,0.006622480045541749,0.0330971122842484,0.2146505954918047,0.07864140714060132,0.019776892479199507,0.002351431038744195,0.0003229081696341367,0.00016814364863110314,-0.0012106299905594664,0.015678255666462568,-0.0003206883412614019,-0.0070904974206933485,-0.0015432452141934748,-0.00018019102178172728,0.0002188924228070346,-0.0012843498879373015,0.0018002195200664281,0.0007710318724741067,0.0029539868463248314,0.0006448125246068611,0.4213974917026728,5.97020327004154,0.3057323124067284,0.03416224524992076,0.0
0.16356270329353773,0.011626241652155813,0.00041762044618237897,0.0016934251052490683,0.00626808999598305,0.0363877086731082,0.16678561694463007,-0.10638401449849501,-0.021467872516894585,-0.0018505834539411634,0.0003088377902645257,0.000543736345902374,-9.297135377858047e-05,0.01591199177747899,0.025566149428890884,0.0037255196660013596,0.0023131846865814642,7.648891360578577e-05,0.00020738793970458383,-0.0009767895593517763,0.000514114209017784,-0.0007941026194045545,-0.0008794935889005841,-0.0008128641008432512,-0.12537114230038038,-0.01155543753493053,-0.0002418795766916336,0.0007949220470956739,0.006622480045541749,0.0330971122842484,0.2146505954918047,0.07864140714060132,0.019774914987700738,0.0023524310387441952,0.0003229081696341367,0.00016814364863110314,-0.0012106299905594664,0.015678255666462568,-0.0003206883412614019,-0.0070904974206933485,-0.0015432452141934748,-0.00018019102178172728,0.0002188924228070346,-0.0012843498879373015,0.0018002195200664281,0.0007710318724741067,0.0029539868463248314,0.0006448125246068611,0.42139691800230217,5.970201469672635,0.30577827265165625,0.03417714593442139,0.0
0.16356270329353773,0.011626241652155813,0.00041762044618237897,0.0016934251052490683,0.00626808999598305,0.0363877086731082,0.16678561694463007,-0.10638401449849501,-0.021467872516894585,-0.0018505834539411634,0.0003088377902645257,0.000543736345902374,-9.297135377858047e-05,0.01591199177747899,0.025566149428890884,0.0037255196660013596,0.0023131846865814642,7.648891360578577e-05,0.00020738793970458383,-0.0009767895593517763,0.000514114209017784,-0.0007941026194045545,-0.0008794935889005841,-0.0008128641008432512,-0.12537114230038038,-0.01155543753493053,-0.0002418795766916336,0.0007949220470956739,0.006622480045541749,0.0330971122842484,0.2146505954918047,0.07864140714060132,0.019774914987700738,0.002351431038744195,0.00032390816963413674,0.00016814364863110314,-0.0012106299905594664,0.015678255666462568,-0.0003206883412614019,-0.0070904974206933485,-0.0015432452141934748,-0.00018019102178172728,0.0002188924228070346,-0.0012843498879373015,0.0018002195200664281,0.0007710318724741067,0.0029539868463248314,0.0006448125246068611,0.4213968812640829,5.970201744194372,0.3057512426105648,0.034160793982257326,0.0
0.16356270329353773,0.011626241652155813,0.00041762044618237897,0.0016934251052490683,0.00626808999598305,0.0363877086731082,0.16678561694463007,-0.10638401449849501,-0.021467872516894585,-0.0018505834539411634,0.0003088377902645257,0.000543736345902374,-9.297135377858047e-05,0.01591199177747899,0.025566149428890884,0.0037255196660013596,0.0023131846865814642,7.648891360578577e-05,0.00020738793970458383,-0.0009767895593517763,0.000514114209017784,-0.0007941026194045545,-0.0008794935889005841,-0.0008128641008432512,-0.12537114230038038,-0.01155543753493053,-0.0002418795766916336,0.0007949220470956739,0.006622480045541749,0.0330971122842484,0.2146505954918047,0.07864140714060132,0.019774914987700738,0.002351431038744195,0.0003229081696341367,0.00016914364863110314,-0.0012106299905594664,0.015678255666462568,-0.0003206883412614019,-0.0070904974206933485,-0.0015432452141934748,-0.00018019102178172728,0.0002188924228070346,-0.0012843498879373015,0.0018002195200664281,0.0007710318724741067,0.0029539868463248314,0.0006448125246068611,0.42139696083486117,5.970201956702532,0.30579065677743267,0.03415467766777203,0.0
0.16356270329353773,0.011626241652155813,0.00041762044618237897,0.0016934251052490683,0.00626808999598305,0.0363877086731082,0.16678561694463007,-0.10638401449849501,-0.021467872516894585,-0.0018505834539411634,0.0003088377902645257,0.000543736345902374,-9.297135377858047e-05,0.01591199177747899,0.025566149428890884,0.0037255196660013596,0.0023131846865814642,7.648891360578577e-05,0.00020738793970458383,-0.0009767895593517763,0.000514114209017784,-0.0007941026194045545,-0.0008794935889005841,-0.0008128641008432512,-0.12537114230038038,-0.01155543753493053,-0.0002418795766916336,0.0007949220470956739,0.006622480045541749,0.0330971122842484,0.2146505954918047,0.07864140714060132,0.019774914987700738,0.002351431038744195,0.0003229081696341367,0.00016814364863110314,-0.0012096299905594665,0.015678255666462568,-0.0003206883412614019,-0.0070904974206933485,-0.0015432452141934748,-0.00018019102178172728,0.0002188924228070346,-0.0012843498879373015,0.0018002195200664281,0.0007710318724741067,0.0029539868463248314,0.0006448125246068611,0.42139706253811526,5.9702033854558865,0.30576571582701606,0.03414862527452791,0.0
0.16356270329353773,0.011626241652155813,0.00041762044618237897,0.0016934251052490683,0.00626808999598305,0.0363877086731082,0.16678561694463007,-0.10638401449849501,-0.021467872516894585,-0.0018505834539411634,0.0003088377902645257,0.000543736345902374,-9.297135377858047e-05,0.01591199177747899,0.025566149428890884,0.0037255196660013596,0.0023131846865814642,7.648891360578577e-05,0.00020738793970458383,-0.0009767895593517763,0.000514114209017784,-0.0007941026194045545,-0.0008794935889005841,-0.0008128641008432512,-0.12537114230038038,-0.01155543753493053,-0.0002418795766916336,0.0007949220470956739,0.006622480045541749,0.0330971122842484,0.2146505954918047,0.07864140714060132,0.019774914987700738,0.002351431038744195,0.0003229081696341367,0.00016814364863110314,-0.0012106299905594664,0.015679823492029215,-0.0003206883412614019,-0.0070904974206933485,-0.0015432452141934748,-0.00018019102178172728,0.0002188924228070346,-0.0012843498879373015,0.0018002195200664281,0.0007710318724741067,0.0029539868463248314,0.0006448125246068611,0.42139709638144857,5.970200985751983,0.3057799751820789,0.034150217479975244,0.0
0.16356270329353773,0.011626241652155813,0.00041762044618237897,0.0016934251052490683,0.00626808999598305,0.0363877086731082,0.16678561694463007,-0.10638401449849501,-0.021467872516894585,-0.0018505834539411634,0.0003088377902645257,0.000543736345902374,-9.297135377858047e-05,0.01591199177747899,0.025566149428890884,0.0037255196660013596,0.0023131846865814642,7.648891360578577e-05,0.00020738793970458383,-0.0009767895593517763,0.000514114209017784,-0.0007941026194045545,-0.0008794935889005841,-0.0008128641008432512,-0.12537114230038038,-0.01155543753493053,-0.0002418795766916336,0.0007949220470956739,0.006622480045541749,0.0330971122842484,0.2146505954918047,0.07864140714060132,0.019774914987700738,0.002351431038744195,0.0003229081696341367,0.00016814364863110314,-0.0012106299905594664,0.015678255666462568,-0.0003196883412614019,-0.0070904974206933485,-0.0015432452141934748,-0.00018019102178172728,0.0002188924228070346,-0.0012843498879373015,0.0018002195200664281,0.0007710318724741067,0.0029539868463248314,0.0006448125246068611,0.4213974816891804,5.970193091680723,0.3057748727655801,0.0341488772157586,0.0
0.16356270329353773,0.011626241652155813,0.00041762044618237897,0.0016934251052490683,0.00626808999598305,0.0363877086731082,0.16678561694463007,-0.10638401449849501,-0.021467872516894585,-0.0018505834539411634,0.0003088377902645257,0.000543736345902374,-9.297135377858047e-05,0.01591199177747899,0.025566149428890884,0.0037255196660013596,0.0023131846865814642,7.648891360578577e-05,0.00020738793970458383,-0.0009767895593517763,0.000514114209017784,-0.0007941026194045545,-0.0008794935889005841,-0.0008128641008432512,-0.12537114230038038,-0.01155543753493053,-0.0002418795766916336,0.0007949220470956739,0.006622480045541749,0.0330971122842484,0.2146505954918047,0.07864140714060132,0.019774914987700738,0.002351431038744195,0.0003229081696341367,0.00016814364863110314,-0.0012106299905594664,0.015678255666462568,-0.0003206883412614019,-0.007089497420693348,-0.0015432452141934748,-0.00018019102178172728,0.0002188924228070346,-0.0012843498879373015,0.0018002195200664281,0.0007710318724741067,0.0029539868463248314,0.0006448125246068611,0.4213965015695098,5.970202264108515,0.3057778274889449,0.03414844132769016,0.0
0.16356270329353773,0.011626241652155813,0.00041762044618237897,0.0016934251052490683,0.00626808999598305,0.0363877086731082,0.16678561694463007,-0.10638401449849501,-0.021467872516894585,-0.0018505834539411634,0.0003088377902645257,0.000543736345902374,-9.297135377858047e-05,0.01591199177747899,0.025566149428890884,0.0037255196660013596,0.0023131846865814642,7.648891360578577e-05,0.00020738793970458383,-0.0009767895593517763,0.000514114209017784,-0.0007941026194045545,-0.0008794935889005841,-0.0008128641008432512,-0.12537114230038038,-0.01155543753493053,-0.0002418795766916336,0.0007949220470956739,0.006622480045541749,0.0330971122842484,0.2146505954918047,0.07864140714060132,0.019774914987700738,0.002351431038744195,0.0003229081696341367,0.00016814364863110314,-0.0012106299905594664,0.015678255666462568,-0.0003206883412614019,-0.0070904974206933485,-0.0015422452141934748,-0.00018019102178172728,0.0002188924228070346,-0.0012843498879373015,0.0018002195200664281,0.0007710318724741067,0.0029539868463248314,0.0006448125246068611,0.42139710571391364,5.970201750590506,0.30576296039629186,0.03415158742759338,0.0
0.16356270329353773,0.011626241652155813,0.00041762044618237897,0.0016934251052490683,0.00626808999598305,0.0363877086731082,0.16678561694463007,-0.10638401449849501,-0.021467872516894585,-0.0018505834539411634,0.0003088377902645257,0.000543736345902374,-9.297135377858047e-05,0.01591199177747899,0.025566149428890884,0.0037255196660013596,0.0023131846865814642,7.648891360578577e-05,0.00020738793970458383,-0.0009767895593517763,0.000514114209017784,-0.0007941026194045545,-0.0008794935889005841,-0.0008128641008432512,-0.12537114230038038,-0.01155543753493053,-0.0002418795766916336,0.0007949220470956739,0.006622480045541749,0.0330971122842484,0.2146505954918047,0.07864140714060132,0.019774914987700738,0.002351431038744195,0.0003229081696341367,0.00016814364863110314,-0.0012106299905594664,0.015678255666462568,-0.0003206883412614019,-0.0070904974206933485,-0.0015432452141934748,-0.00017919102178172729,0.0002188924228070346,-0.0012843498879373015,0.0018002195200664281,0.0007710318724741067,0.0029539868463248314,0.0006448125246068611,0.4213969260772788,5.970201695867464,0.3057974973252197,0.03415023954955349,0.0
0.16356270329353773,0.011626241652155813,0.00041762044618237897,0.0016934251052490683,0.00626808999598305,0.0363877086731082,0.16678561694463007,-0.10638401449849501,-0.021467872516894585,-0.0018505834539411634,0.0003088377902645257,0.000543736345902374,-9.297135377858047e-05,0.01591199177747899,0.025566149428890884,0.0037255196660013596,0.0023131846865814642,7.648891360578577e-05,0.00020738793970458383,-0.0009767895593517763,0.000514114209017784,-0.0007941026194045545,-0.0008794935889005841,-0.0008128641008432512,-0.12537114230038038,-0.01155543753493053,-0.0002418795766916336,0.0007949220470956739,0.006622480045541749,0.0330971122842484,0.2146505954918047,0.07864140714060132,0.019774914987700738,0.002351431038744195,0.0003229081696341367,0.00016814364863110314,-0.0012106299905594664,0.015678255666462568,-0.0003206883412614019,-0.0070904974206933485,-0.0015432452141934748,-0.00018019102178172728,0.0002198924228070346,-0.0012843498879373015,0.0018002195200664281,0.0007710318724741067,0.0029539868463248314,0.0006448125246068611,0.42139686298563467,5.970201634150362,0.30577640586026605,0.0341503062155631,0.0
0.16356270329353773,0.011626241652155813,0.00041762044618237897,0.0016934251052490683,0.00626808999598305,0.0363877086731082,0.16678561694463007,-0.10638401449849501,-0.021467872516894585,-0.0018505834539411634,0.0003088377902645257,0.000543736345902374,-9.297135377858047e-05,0.01591199177747899,0.025566149428890884,0.0037255196660013596,0.0023131846865814642,7.648891360578577e-05,0.00020738793970458383,-0.0009767895593517763,0.000514114209017784,-0.0007941026194045545,-0.0008794935889005841,-0.0008128641008432512,-0.12537114230038038,-0.01155543753493053,-0.0002418795766916336,0.0007949220470956739,0.006622480045541749,0.0330971122842484,0.2146505954918047,0.07864140714060132,0.019774914987700738,0.002351431038744195,0.0003229081696341367,0.00016814364863110314,-0.0012106299905594664,0.015678255666462568,-0.0003206883412614019,-0.0070904974206933485,-0.0015432452141934748,-0.00018019102178172728,0.0002188924228070346,-0.0012833498879373016,0.0018002195200664281,0.0007710318724741067,0.0029539868463248314,0.0006448125246068611,0.4213968739538091,5.970202234158055,0.305790859742064,0.034148752225667864,0.0
0.16356270329353773,0.011626241652155813,0.00041762044618237897,0.0016934251052490683,0.00626808999598305,0.0363877086731082,0.16678561694463007,-0.10638401449849501,-0.021467872516894585,-0.0018505834539411634,0.0003088377902645257,0.000543736345902374,-9.297135377858047e-05,0.01591199177747899,0.025566149428890884,0.0037255196660013596,0.0023131846865814642,7.648891360578577e-05,0.00020738793970458383,-0.0009767895593517763,0.000514114209017784,-0.0007941026194045545,-0.0008794935889005841,-0.0008128641008432512,-0.12537114230038038,-0.01155543753493053,-0.0002418795766916336,0.0007949220470956739,0.006622480045541749,0.0330971122842484,0.2146505954918047,0.07864140714060132,0.019774914987700738,0.002351431038744195,0.0003229081696341367,0.00016814364863110314,-0.0012106299905594664,0.015678255666462568,-0.0003206883412614019,-0.0070904974206933485,-0.0015432452141934748,-0.00018019102178172728,0.0002188924228070346,-0.0012843498879373015,0.001801219520066428,0.0007710318724741067,0.0029539868463248314,0.0006448125246068611,0.42139631229953134,5.970202542121912,0.30578414502593576,0.03414814544531757,0.0
0.16356270329353773,0.011626241652155813,0.00041762044618237897,0.0016934251052490683,0.00626808999598305,0.0363877086731082,0.16678561694463007,-0.10638401449849501,-0.021467872516894585,-0.0018505834539411634,0.0003088377902645257,0.000543736345902374,-9.297135377858047e-05,0.01591199177747899,0.025566149428890884,0.0037255196660013596,0.0023131846865814642,7.648891360578577e-05,0.00020738793970458383,-0.0009767895593517763,0.000514114209017784,-0.0007941026194045545,-0.0008794935889005841,-0.0008128641008432512,-0.12537114230038038,-0.01155543753493053,-0.0002418795766916336,0.0007949220470956739,0.006622480045541749,0.0330971122842484,0.2146505954918047,0.07864140714060132,0.019774914987700738,0.002351431038744195,0.0003229081696341367,0.00016814364863110314,-0.0012106299905594664,0.015678255666462568,-0.0003206883412614019,-0.0070904974206933485,-0.0015432452141934748,-0.00018019102178172728,0.0002188924228070346,-0.0012843498879373015,0.0018002195200664281,0.0007720318724741067,0.0029539868463248314,0.0006448125246068611,0.421393422862332,5.9702027527073485,0.3057919763265894,0.0341485820651249,0.0
0.16356270329353773,0.011626241652155813,0.00041762044618237897,0.0016934251052490683,0.00626808999598305,0.0363877086731082,0.16678561694463007,-0.10638401449849501,-0.021467872516894585,-0.0018505834539411634,0.0003088377902645257,0.000543736345902374,-9.297135377858047e-05,0.01591199177747899,0.025566149428890884,0.0037255196660013596,0.0023131846865814642,7.648891360578577e-05,0.00020738793970458383,-0.0009767895593517763,0.000514114209017784,-0.0007941026194045545,-0.0008794935889005841,-0.0008128641008432512,-0.12537114230038038,-0.01155543753493053,-0.0002418795766916336,0.0007949220470956739,0.006622480045541749,0.0330971122842484,0.2146505954918047,0.07864140714060132,0.019774914987700738,0.002351431038744195,0.0003229081696341367,0.00016814364863110314,-0.0012106299905594664,0.015678255666462568,-0.0003206883412614019,-0.0070904974206933485,-0.0015432452141934748,-0.00018019102178172728,0.0002188924228070346,-0.0012843498879373015,0.0018002195200664281,0.0007710318724741067,0.0029549868463248316,0.0006448125246068611,0.42140039204312146,5.970201156356233,0.30576345133841715,0.03414818564185364,0.0
0.16356270329353773,0.011626241652155813,0.00041762044618237897,0.0016934251052490683,0.00626808999598305,0.0363877086731082,0.16678561694463007,-0.10638401449849501,-0.021467872516894585,-0.0018505834539411634,0.0003088377902645257,0.000543736345902374,-9.297135377858047e-05,0.01591199177747899,0.025566149428890884,0.0037255196660013596,0.0023131846865814642,7.648891360578577e-05,0.00020738793970458383,-0.0009767895593517763,0.000514114209017784,-0.0007941026194045545,-0.0008794935889005841,-0.0008128641008432512,-0.12537114230038038,-0.01155543753493053,-0.0002418795766916336,0.0007949220470956739,0.006622480045541749,0.0330971122842484,0.2146505954918047,0.07864140714060132,0.019774914987700738,0.002351431038744195,0.0003229081696341367,0.00016814364863110314,-0.0012106299905594664,0.015678255666462568,-0.0003206883412614019,-0.0070904974206933485,-0.0015432452141934748,-0.00018019102178172728,0.0002188924228070346,-0.0012843498879373015,0.0018002195200664281,0.0007710318724741067,0.0029539868463248314,0.0006458125246068612,0.4213973552021204,5.970201713272296,0.3057743896552224,0.03414950451619393,0.0
0.1635629264774898,0.011625942338491315,0.00041910046375113943,0.0016959377769398206,0.006270689668550057,0.036387845204416465,0.1667855141812528,-0.1063844377003915,-0.021465966927558033,-0.0018481532465374933,0.0003094703727281229,0.0005431242393511305,-9.317888402451643e-05,0.015911956546181473,0.025566459358404164,0.0037260970926974724,0.002314702991143681,7.740442671831313e-05,0.00020803156524466324,-0.0009766208327697987,0.0005141042368873276,-0.00079492854703143,-0.0008800669364052363,-0.0008120352629175957,-0.12537110851229608,-0.011555716910678677,-0.0002417810347672967,0.0007938866950578296,0.006622970288811716,0.03309590253952492,0.21465045105748676,0.07864179440994165,0.019776632784889073,0.0023515731425954567,0.0003249732607524944,0.00016743940485668962,-0.0012095702182113568,0.015678289668294702,-0.00032027459621630766,-0.00709029068400688,-0.0015419948772240342,-0.00018137200134366567,0.0002191970966638863,-0.0012850615396496328,0.0017999815958334516,0.0007702418076047423,0.0029552064965477592,0.0006452601660287932,0.42141158814992336,5.970212565536741,0.3050025635362307,0.03443660132698513,0.0
0.1635629264774898,0.011625942338491315,0.00041910046375113943,0.0016959377769398206,0.006270689668550057,0.036387845204416465,0.1667855141812528,-0.1063844377003915,-0.021465966927558033,-0.0018481532465374933,0.0003094703727281229,0.0005431242393511305,-9.317888402451643e-05,0.015911956546181473,0.025566459358404164,0.0037260970926974724,0.002314702991143681,7.740442671831313e-05,0.00020803156524466324,-0.0009766208327697987,0.0005141042368873276,-0.00079492854703143,-0.0008800669364052363,-0.0008120352629175957,-0.12537110851229608,-0.011555716910678677,-0.0002417810347672967,0.0007938866950578296,0.006622970288811716,0.03309590253952492,0.21465045105748676,0.07864179440994165,0.019776632784889073,0.0023515731425954567,0.0003249732607524944,0.00016743940485668962,-0.0012095702182113568,0.015678289668294702,-0.00032027459621630766,-0.00709029068400688,-0.0015419948772240342,-0.00018137200134366567,0.0002191970966638863,-0.0012850615396496328,0.0017999815958334516,0.0007702418076047423,0.0029552064965477592,0.0006452601660287932,0.42141158814992336,5.970212565536741,0.3050025635362307,0.03443660132698513,0.0
0.1635629264774898,0.011627104932725164,0.00041910046375113943,0.0016959377769398206,0.006270689668550057,0.036387845204416465,0.1667855141812528,-0.1063844377003915,-0.021465966927558033,-0.0018481532465374933,0.0003094703727281229,0.0005431242393511305,-9.317888402451643e-05,0.015911956546181473,0.025566459358404164,0.0037260970926974724,0.002314702991143681,7.740442671831313e-05,0.00020803156524466324,-0.0009766208327697987,0.0005141042368873276,-0.00079492854703143,-0.0008800669364052363,-0.0008120352629175957,-0.12537110851229608,-0.011555716910678677,-0.0002417810347672967,0.0007938866950578296,0.006622970288811716,0.03309590253952492,0.21465045105748676,0.07864179440994165,0.019776632784889073,0.0023515731425954567,0.0003249732607524944,0.00016743940485668962,-0.0012095702182113568,0.015678289668294702,-0.00032027459621630766,-0.00709029068400688,-0.0015419948772240342,-0.00018137200134366567,0.0002191970966638863,-0.0012850615396496328,0.0017999815958334516,0.0007702418076047423,0.0029552064965477592,0.0006452601660287932,0.42141157207176433,5.970212558488959,0.3050061228715719,0.03443903496936409,0.0
0.16357928277013756,0.011625942338491315,0.00041910046375113943,0.0016959377769398206,0.006270689668550057,0.036387845204416465,0.1667855141812528,-0.1063844377003915,-0.021465966927558033,-0.0018481532465374933,0.0003094703727281229,0.0005431242393511305,-9.317888402451643e-05,0.015911956546181473,0.025566459358404164,0.0037260970926974724,0.002314702991143681,7.740442671831313e-05,0.00020803156524466324,-0.0009766208327697987,0.0005141042368873276,-0.00079492854703143,-0.0008800669364052363,-0.0008120352629175957,-0.12537110851229608,-0.011555716910678677,-0.0002417810347672967,0.0007938866950578296,0.006622970288811716,0.03309590253952492,0.21465045105748676,0.07864179440994165,0.019776632784889073,0.0023515731425954567,0.0003249732607524944,0.00016743940485668962,-0.0012095702182113568,0.015678289668294702,-0.00032027459621630766,-0.00709029068400688,-0.0015419948772240342,-0.00018137200134366567,0.0002191970966638863,-0.0012850615396496328,0.0017999815958334516,0.0007702418076047423,0.0029552064965477592,0.0006452601660287932,0.4214139468978734,5.97021341989749,0.3049387038470323,0.03443988852707468,0.0
0.1635629264774898,0.011625942338491315,0.00041910046375113943,0.0016969377769398206,0.006270689668550057,0.036387845204416465,0.1667855141812528,-0.1063844377003915,-0.021465966927558033,-0.0018481532465374933,0.0003094703727281229,0.0005431242393511305,-9.317888402451643e-05,0.015911956546181473,0.025566459358404164,0.0037260970926974724,0.002314702991143681,7.740442671831313e-05,0.00020803156524466324,-0.0009766208327697987,0.0005141042368873276,-0.00079492854703143,-0.0008800669364052363,-0.0008120352629175957,-0.12537110851229608,-0.011555716910678677,-0.0002417810347672967,0.0007938866950578296,0.006622970288811716,0.03309590253952492,0.21465045105748676,0.07864179440994165,0.019776632784889073,0.0023515731425954567,0.0003249732607524944,0.00016743940485668962,-0.0012095702182113568,0.015678289668294702,-0.00032027459621630766,-0.00709029068400688,-0.0015419948772240342,-0.00018137200134366567,0.0002191970966638863,-0.0012850615396496328,0.0017999815958334516,0.0007702418076047423,0.0029552064965477592,0.0006452601660287932,0.42141154741130293,5.970212665484048,0.3049500714175066,0.034474848641035796,0.0
0.1635629264774898,0.011625942338491315,0.00042010046375113945,0.0016959377769398206,0.006270689668550057,0.036387845204416465,0.1667855141812528,-0.1063844377003915,-0.021465966927558033,-0.0018481532465374933,0.0003094703727281229,0.0005431242393511305,-9.317888402451643e-05,0.015911956546181473,0.025566459358404164,0.0037260970926974724,0.002314702991143681,7.740442671831313e-05,0.00020803156524466324,-0.0009766208327697987,0.0005141042368873276,-0.00079492854703143,-0.0008800669364052363,-0.0008120352629175957,-0.12537110851229608,-0.011555716910678677,-0.0002417810347672967,0.0007938866950578296,0.006622970288811716,0.03309590253952492,0.21465045105748676,0.07864179440994165,0.019776632784889073,0.0023515731425954567,0.0003249732607524944,0.00016743940485668962,-0.0012095702182113568,0.015678289668294702,-0.00032027459621630766,-0.00709029068400688,-0.0015419948772240342,-0.00018137200134366567,0.0002191970966638863,-0.0012850615396496328,0.0017999815958334516,0.0007702418076047423,0.0029552064965477592,0.0006452601660287932,0.42141159601684436,5.97021259903067,0.30497831002308196,0.03444135536988565,0.0
0.1635629264774898,0.011625942338491315,0.00041910046375113943,0.0016959377769398206,0.006270689668550057,0.03639148398893691,0.1667855141812528,-0.1063844377003915,-0.021465966927558033,-0.0018481532465374933,0.0003094703727281229,0.0005431242393511305,-9.317888402451643e-05,0.015911956546181473,0.025566459358404164,0.0037260970926974724,0.002314702991143681,7.740442671831313e-05,0.00020803156524466324,-0.0009766208327697987,0.0005141042368873276,-0.00079492854703143,-0.0008800669364052363,-0.0008120352629175957,-0.12537110851229608,-0.011555716910678677,-0.0002417810347672967,0.0007938866950578296,0.006622970288811716,0.03309590253952492,0.21465045105748676,0.07864179440994165,0.019776632784889073,0.0023515731425954567,0.0003249732607524944,0.00016743940485668962,-0.0012095702182113568,0.015678289668294702,-0.00032027459621630766,-0.00709029068400688,-0.0015419948772240342,-0.00018137200134366567,0.0002191970966638863,-0.0012850615396496328,0.0017999815958334516,0.0007702418076047423,0.0029552064965477592,0.0006452601660287932,0.42141098787406067,5.970212983488649,0.3049639139292609,0.03446330466758338,0.0
0.1635629264774898,0.011625942338491315,0.00041910046375113943,0.0016959377769398206,0.006271689668550057,0.036387845204416465,0.1667855141812528,-0.1063844377003915,-0.021465966927558033,-0.0018481532465374933,0.0003094703727281229,0.0005431242393511305,-9.317888402451643e-05,0.015911956546181473,0.025566459358404164,0.0037260970926974724,0.002314702991143681,7.740442671831313e-05,0.00020803156524466324,-0.0009766208327697987,0.0005141042368873276,-0.00079492854703143,-0.0008800669364052363,-0.0008120352629175957,-0.12537110851229608,-0.011555716910678677,-0.0002417810347672967,0.0007938866950578296,0.006622970288811716,0.03309590253952492,0.21465045105748676,0.07864179440994165,0.019776632784889073,0.0023515731425954567,0.0003249732607524944,0.00016743940485668962,-0.0012095702182113568,0.015678289668294702,-0.00032027459621630766,-0.00709029068400688,-0.0015419948772240342,-0.00018137200134366567,0.0002191970966638863,-0.0012850615396496328,0.0017999815958334516,0.0007702418076047423,0.0029552064965477592,0.0006452601660287932,0.42141154422590144,5.970212702577944,0.3049431301170876,0.03445344511830271,0.0
0.1635629264774898,0.011625942338491315,0.00041910046375113943,0.0016959377769398206,0.006270689668550057,0.036387845204416465,0.1667855141812528,-0.10637379925662145,-0.021465966927558033,-0.0018481532465374933,0.0003094703727281229,0.0005431242393511305,-9.317888402451643e-05,0.015911956546181473,0.025566459358404164,0.0037260970926974724,0.002314702991143681,7.740442671831313e-05,0.00020803156524466324,-0.0009766208327697987,0.0005141042368873276,-0.00079492854703143,-0.0008800669364052363,-0.0008120352629175957,-0.12537110851229608,-0.011555716910678677,-0.0002417810347672967,0.0007938866950578296,0.006622970288811716,0.03309590253952492,0.21465045105748676,0.07864179440994165,0.019776632784889073,0.0023515731425954567,0.0003249732607524944,0.00016743940485668962,-0.0012095702182113568,0.015678289668294702,-0.00032027459621630766,-0.00709029068400688,-0.0015419948772240342,-0.00018137200134366567,0.0002191970966638863,-0.0012850615396496328,0.0017999815958334516,0.0007702418076047423,0.0029552064965477592,0.0006452601660287932,0.4213787601010275,5.970176127479577,0.30726127018492205,0.0344839323224792,0.0
0.1635629264774898,0.011625942338491315,0.00041910046375113943,0.0016959377769398206,0.006270689668550057,0.036387845204416465,0.1668021927326709,-0.1063844377003915,-0.021465966927558033,-0.0018481532465374933,0.0003094703727281229,0.0005431242393511305,-9.317888402451643e-05,0.015911956546181473,0.025566459358404164,0.0037260970926974724,0.002314702991143681,7.740442671831313e-05,0.00020803156524466324,-0.0009766208327697987,0.0005141042368873276,-0.00079492854703143,-0.0008800669364052363,-0.0008120352629175957,-0.12537110851229608,-0.011555716910678677,-0.0002417810347672967,0.0007938866950578296,0.006622970288811716,0.03309590253952492,0.21465045105748676,0.07864179440994165,0.019776632784889073,0.0023515731425954567,0.0003249732607524944,0.00016743940485668962,-0.0012095702182113568,0.015678289668294702,-0.00032027459621630766,-0.00709029068400688,-0.0015419948772240342,-0.00018137200134366567,0.0002191970966638863,-0.0012850615396496328,0.0017999815958334516,0.0007702418076047423,0.0029552064965477592,0.0006452601660287932,0.4213983119463504,5.969883050359898,0.3049517131770825,0.03446825848392511,0.0
0.1635629264774898,0.011625942338491315,0.00041910046375113943,0.0016959377769398206,0.006270689668550057,0.036387845204416465,0.1667855141812528,-0.1063844377003915,-0.021465966927558033,-0.0018471532465374934,0.0003094703727281229,0.0005431242393511305,-9.317888402451643e-05,0.015911956546181473,0.025566459358404164,0.0037260970926974724,0.002314702991143681,7.740442671831313e-05,0.00020803156524466324,-0.0009766208327697987,0.0005141042368873276,-0.00079492854703143,-0.0008800669364052363,-0.0008120352629175957,-0.12537110851229608,-0.011555716910678677,-0.0002417810347672967,0.0007938866950578296,0.006622970288811716,0.03309590253952492,0.21465045105748676,0.07864179440994165,0.019776632784889073,0.0023515731425954567,0.0003249732607524944,0.00016743940485668962,-0.0012095702182113568,0.015678289668294702,-0.00032027459621630766,-0.00709029068400688,-0.0015419948772240342,-0.00018137200134366567,0.0002191970966638863,-0.0012850615396496328,0.0017999815958334516,0.0007702418076047423,0.0029552064965477592,0.0006452601660287932,0.42141162862834436,5.970212734543406,0.30494666857690494,0.034475118248664796,0.0
0.1635629264774898,0.011625942338491315,0.00041910046375113943,0.0016959377769398206,0.006270689668550057,0.036387845204416465,0.1667855141812528,-0.1063844377003915,-0.021463820330865278,-0.0018481532465374933,0.0003094703727281229,0.0005431242393511305,-9.317888402451643e-05,0.015911956546181473,0.025566459358404164,0.0037260970926974724,0.002314702991143681,7.740442671831313e-05,0.00020803156524466324,-0.0009766208327697987,0.0005141042368873276,-0.00079492854703143,-0.0008800669364052363,-0.0008120352629175957,-0.12537110851229608,-0.011555716910678677,-0.0002417810347672967,0.0007938866950578296,0.006622970288811716,0.03309590253952492,0.21465045105748676,0.07864179440994165,0.019776632784889073,0.0023515731425954567,0.0003249732607524944,0.00016743940485668962,-0.0012095702182113568,0.015678289668294702,-0.00032027459621630766,-0.00709029068400688,-0.0015419948772240342,-0.00018137200134366567,0.0002191970966638863,-0.0012850615396496328,0.0017999815958334516,0.0007702418076047423,0.0029552064965477592,0.0006452601660287932,0.42141133985402957,5.970211585008927,0.3048910291204693,0.034456408230980735,0.0
0.1635629264774898,0.011625942338491315,0.00041910046375113943,0.0016959377769398206,0.006270689668550057,0.036387845204416465,0.1667855141812528,-0.1063844377003915,-0.021465966927558033,-0.0018481532465374933,0.0003094703727281229,0.0005441242393511305,-9.317888402451643e-05,0.015911956546181473,0.025566459358404164,0.0037260970926974724,0.002314702991143681,7.740442671831313e-05,0.00020803156524466324,-0.0009766208327697987,0.0005141042368873276,-0.00079492854703143,-0.0008800669364052363,-0.0008120352629175957,-0.12537110851229608,-0.011555716910678677,-0.0002417810347672967,0.0007938866950578296,0.006622970288811716,0.03309590253952492,0.21465045105748676,0.07864179440994165,0.019776632784889073,0.0023515731425954567,0.0003249732607524944,0.00016743940485668962,-0.0012095702182113568,0.015678289668294702,-0.00032027459621630766,-0.00709029068400688,-0.0015419948772240342,-0.00018137200134366567,0.0002191970966638863,-0.0012850615396496328,0.0017999815958334516,0.0007702418076047423,0.0029552064965477592,0.0006452601660287932,0.42141160639971004,5.970212956020332,0.30500671883666974,0.03444197255002168,0.0
0.1635629264774898,0.011625942338491315,0.00041910046375113943,0.0016959377769398206,0.006270689668550057,0.036387845204416465,0.1667855141812528,-0.1063844377003915,-0.021465966927558033,-0.0018481532465374933,0.0003104703727281229,0.0005431242393511305,-9.317888402451643e-05,0.015911956546181473,0.025566459358404164,0.0037260970926974724,0.002314702991143681,7.740442671831313e-05,0.00020803156524466324,-0.0009766208327697987,0.0005141042368873276,-0.00079492854703143,-0.0008800669364052363,-0.0008120352629175957,-0.12537110851229608,-0.011555716910678677,-0.0002417810347672967,0.0007938866950578296,0.006622970288811716,0.03309590253952492,0.21465045105748676,0.07864179440994165,0.019776632784889073,0.0023515731425954567,0.0003249732607524944,0.00016743940485668962,-0.0012095702182113568,0.015678289668294702,-0.00032027459621630766,-0.00709029068400688,-0.0015419948772240342,-0.00018137200134366567,0.0002191970966638863,-0.0012850615396496328,0.0017999815958334516,0.0007702418076047423,0.0029552064965477592,0.0006452601660287932,0.42141159078370777,5.9702125903038885,0.3049868290945628,0.03445142097968802,0.0
0.1635629264774898,0.011625942338491315,0.00041910046375113943,0.0016959377769398206,0.006270689668550057,0.036387845204416465,0.1667855141812528,-0.1063844377003915,-0.021465966927558033,-0.0018481532465374933,0.0003094703727281229,0.0005431242393511305,-9.317888402451643e-05,0.015913547741836093,0.025566459358404164,0.0037260970926974724,0.002314702991143681,7.740442671831313e-05,0.00020803156524466324,-0.0009766208327697987,0.0005141042368873276,-0.00079492854703143,-0.0008800669364052363,-0.0008120352629175957,-0.12537110851229608,-0.011555716910678677,-0.0002417810347672967,0.0007938866950578296,0.006622970288811716,0.03309590253952492,0.21465045105748676,0.07864179440994165,0.019776632784889073,0.0023515731425954567,0.0003249732607524944,0.00016743940485668962,-0.0012095702182113568,0.015678289668294702,-0.00032027459621630766,-0.00709029068400688,-0.0015419948772240342,-0.00018137200134366567,0.0002191970966638863,-0.0012850615396496328,0.0017999815958334516,0.0007702418076047423,0.0029552064965477592,0.0006452601660287932,0.4214120204738513,5.970212959118458,0.3050045485756178,0.034436061282246834,0.0
0.1635629264774898,0.011625942338491315,0.00041910046375113943,0.0016959377769398206,0.006270689668550057,0.036387845204416465,0.1667855141812528,-0.1063844377003915,-0.021465966927558033,-0.0018481532465374933,0.0003094703727281229,0.0005431242393511305,-9.217888402451643e-05,0.015911956546181473,0.025566459358404164,0.0037260970926974724,0.002314702991143681,7.740442671831313e-05,0.00020803156524466324,-0.0009766208327697987,0.0005141042368873276,-0.00079492854703143,-0.0008800669364052363,-0.0008120352629175957,-0.12537110851229608,-0.011555716910678677,-0.0002417810347672967,0.0007938866950578296,0.006622970288811716,0.03309590253952492,0.21465045105748676,0.07864179440994165,0.019776632784889073,0.0023515731425954567,0.0003249732607524944,0.00016743940485668962,-0.0012095702182113568,0.015678289668294702,-0.00032027459621630766,-0.00709029068400688,-0.0015419948772240342,-0.00018137200134366567,0.0002191970966638863,-0.0012850615396496328,0.0017999815958334516,0.0007702418076047423,0.0029552064965477592,0.0006452601660287932,0.421411686714697,5.9702145603903665,0.3050047498633726,0.03443635406277479,0.0
0.1635629264774898,0.011625942338491315,0.00041910046375113943,0.0016959377769398206,0.006270689668550057,0.036387845204416465,0.1667855141812528,-0.1063844377003915,-0.021465966927558033,-0.0018481532465374933,0.0003094703727281229,0.0005431242393511305,-9.317888402451643e-05,0.015911956546181473,0.025566459358404164,0.0037270970926974725,0.002314702991143681,7.740442671831313e-05,0.00020803156524466324,-0.0009766208327697987,0.0005141042368873276,-0.00079492854703143,-0.0008800669364052363,-0.0008120352629175957,-0.12537110851229608,-0.011555716910678677,-0.0002417810347672967,0.0007938866950578296,0.006622970288811716,0.03309590253952492,0.21465045105748676,0.07864179440994165,0.019776632784889073,0.0023515731425954567,0.0003249732607524944,0.00016743940485668962,-0.0012095702182113568,0.015678289668294702,-0.00032027459621630766,-0.00709029068400688,-0.0015419948772240342,-0.00018137200134366567,0.0002191970966638863,-0.0012850615396496328,0.0017999815958334516,0.0007702418076047423,0.0029552064965477592,0.0006452601660287932,0.42141125640205834,5.970213168622563,0.30499136854763603,0.034435136224575544,0.0
0.1635629264774898,0.011625942338491315,0.00041910046375113943,0.0016959377769398206,0.006270689668550057,0.036387845204416465,0.1667855141812528,-0.1063844377003915,-0.021465966927558033,-0.0018481532465374933,0.0003094703727281229,0.0005431242393511305,-9.317888402451643e-05,0.015911956546181473,0.025569016004340004,0.0037260970926974724,0.002314702991143681,7.740442671831313e-05,0.00020803156524466324,-0.0009766208327697987,0.0005141042368873276,-0.00079492854703143,-0.0008800669364052363,-0.0008120352629175957,-0.12537110851229608,-0.011555716910678677,-0.0002417810347672967,0.0007938866950578296,0.006622970288811716,0.03309590253952492,0.21465045105748676,0.07864179440994165,0.019776632784889073,0.0023515731425954567,0.0003249732607524944,0.00016743940485668962,-0.0012095702182113568,0.015678289668294702,-0.00032027459621630766,-0.00709029068400688,-0.0015419948772240342,-0.00018137200134366567,0.0002191970966638863,-0.0012850615396496328,0.0017999815958334516,0.0007702418076047423,0.0029552064965477592,0.0006452601660287932,0.421414073216612,5.970210729856241,0.3049919979851083,0.03443679618592414,0.0
0.1635629264774898,0.011625942338491315,0.00041910046375113943,0.0016959377769398206,0.006270689668550057,0.036387845204416465,0.1667855141812528,-0.1063844377003915,-0.021465966927558033,-0.0018481532465374933,0.0003094703727281229,0.0005431242393511305,-9.317888402451643e-05,0.015911956546181473,0.025566459358404164,0.0037260970926974724,0.002314702991143681,7.840442671831313e-05,0.00020803156524466324,-0.0009766208327697987,0.0005141042368873276,-0.00079492854703143,-0.0008800669364052363,-0.0008120352629175957,-0.12537110851229608,-0.011555716910678677,-0.0002417810347672967,0.0007938866950578296,0.006622970288811716,0.03309590253952492,0.21465045105748676,0.07864179440994165,0.019776632784889073,0.0023515731425954567,0.0003249732607524944,0.00016743940485668962,-0.0012095702182113568,0.015678289668294702,-0.00032027459621630766,-0.00709029068400688,-0.0015419948772240342,-0.00018137200134366567,0.0002191970966638863,-0.0012850615396496328,0.0017999815958334516,0.0007702418076047423,0.0029552064965477592,0.0006452601660287932,0.42141152101181784,5.970212656369098,0.3049862609407967,0.034440539201074795,0.0
0.1635629264774898,0.011625942338491315,0.00041910046375113943,0.0016959377769398206,0.006270689668550057,0.036387845204416465,0.1667855141812528,-0.1063844377003915,-0.021465966927558033,-0.0018481532465374933,0.0003094703727281229,0.0005431242393511305,-9.317888402451643e-05,0.015911956546181473,0.025566459358404164,0.0037260970926974724,0.0023157029911436812,7.740442671831313e-05,0.00020803156524466324,-0.0009766208327697987,0.0005141042368873276,-0.00079492854703143,-0.0008800669364052363,-0.0008120352629175957,-0.12537110851229608,-0.011555716910678677,-0.0002417810347672967,0.0007938866950578296,0.006622970288811716,0.03309590253952492,0.21465045105748676,0.07864179440994165,0.019776632784889073,0.0023515731425954567,0.0003249732607524944,0.00016743940485668962,-0.0012095702182113568,0.015678289668294702,-0.00032027459621630766,-0.00709029068400688,-0.0015419948772240342,-0.00018137200134366567,0.0002191970966638863,-0.0012850615396496328,0.0017999815958334516,0.0007702418076047423,0.0029552064965477592,0.0006452601660287932,0.4214114052573369,5.970212311714104,0.3049790945867952,0.03443838340260953,0.0
0.1635629264774898,0.011625942338491315,0.00041910046375113943,0.0016959377769398206,0.006270689668550057,0.036387845204416465,0.1667855141812528,-0.1063844377003915,-0.021465966927558033,-0.0018481532465374933,0.0003094703727281229,0.0005431242393511305,-9.317888402451643e-05,0.015911956546181473,0.025566459358404164,0.0037260970926974724,0.002314702991143681,7.740442671831313e-05,0.00020803156524466324,-0.0009756208327697987,0.0005141042368873276,-0.00079492854703143,-0.0008800669364052363,-0.0008120352629175957,-0.12537110851229608,-0.011555716910678677,-0.0002417810347672967,0.0007938866950578296,0.006622970288811716,0.03309590253952492,0.21465045105748676,0.07864179440994165,0.019776632784889073,0.0023515731425954567,0.0003249732607524944,0.00016743940485668962,-0.0012095702182113568,0.015678289668294702,-0.00032027459621630766,-0.00709029068400688,-0.0015419948772240342,-0.00018137200134366567,0.0002191970966638863,-0.0012850615396496328,0.0017999815958334516,0.0007702418076047423,0.0029552064965477592,0.0006452601660287932,0.42141139643940934,5.970213223036522,0.30499812891972145,0.03443821988403748,0.0
0.1635629264774898,0.011625942338491315,0.00041910046375113943,0.0016959377769398206,0.006270689668550057,0.036387845204416465,0.1667855141812528,-0.1063844377003915,-0.021465966927558033,-0.0018481532465374933,0.0003094703727281229,0.0005431242393511305,-9.317888402451643e-05,0.015911956546181473,0.025566459358404164,0.0037260970926974724,0.002314702991143681,7.740442671831313e-05,0.00020903156524466323,-0.0009766208327697987,0.0005141042368873276,-0.00079492854703143,-0.0008800669364052363,-0.0008120352629175957,-0.12537110851229608,-0.011555716910678677,-0.0002417810347672967,0.0007938866950578296,0.006622970288811716,0.03309590253952492,0.21465045105748676,0.07864179440994165,0.019776632784889073,0.0023515731425954567,0.0003249732607524944,0.00016743940485668962,-0.0012095702182113568,0.015678289668294702,-0.00032027459621630766,-0.00709029068400688,-0.0015419948772240342,-0.00018137200134366567,0.0002191970966638863,-0.0012850615396496328,0.0017999815958334516,0.0007702418076047423,0.0029552064965477592,0.0006452601660287932,0.4214115396240976,5.970212464894545,0.3049895357495189,0.0344388090284689,0.0
0.1635629264774898,0.011625942338491315,0.00041910046375113943,0.0016959377769398206,0.006270689668550057,0.036387845204416465,0.1667855141812528,-0.1063844377003915,-0.021465966927558033,-0.0018481532465374933,0.0003094703727281229,0.0005431242393511305,-9.317888402451643e-05,0.015911956546181473,0.025566459358404164,0.0037260970926974724,0.002314702991143681,7.740442671831313e-05,0.00020803156524466324,-0.0009766208327697987,0.0005141042368873276,-0.00079392854703143,-0.0008800669364052363,-0.0008120352629175957,-0.12537110851229608,-0.011555716910678677,-0.0002417810347672967,0.0007938866950578296,0.006622970288811716,0.03309590253952492,0.21465045105748676,0.07864179440994165,0.019776632784889073,0.0023515731425954567,0.0003249732607524944,0.00016743940485668962,-0.0012095702182113568,0.015678289668294702,-0.00032027459621630766,-0.00709029068400688,-0.0015419948772240342,-0.00018137200134366567,0.0002191970966638863,-0.0012850615396496328,0.0017999815958334516,0.0007702418076047423,0.0029552064965477592,0.0006452601660287932,0.42140781526329035,5.970212861685721,0.30501220591795325,0.034436857497383136,0.0
0.1635629264774898,0.011625942338491315,0.00041910046375113943,0.0016959377769398206,0.006270689668550057,0.036387845204416465,0.1667855141812528,-0.1063844377003915,-0.021465966927558033,-0.0018481532465374933,0.0003094703727281229,0.0005431242393511305,-9.317888402451643e-05,0.015911956546181473,0.025566459358404164,0.0037260970926974724,0.002314702991143681,7.740442671831313e-05,0.00020803156524466324,-0.0009766208327697987,0.0005151042368873276,-0.00079492854703143,-0.0008800669364052363,-0.0008120352629175957,-0.12537110851229608,-0.011555716910678677,-0.0002417810347672967,0.0007938866950578296,0.006622970288811716,0.03309590253952492,0.21465045105748676,0.07864179440994165,0.019776632784889073,0.0023515731425954567,0.0003249732607524944,0.00016743940485668962,-0.0012095702182113568,0.015678289668294702,-0.00032027459621630766,-0.00709029068400688,-0.0015419948772240342,-0.00018137200134366567,0.0002191970966638863,-0.0012850615396496328,0.0017999815958334516,0.0007702418076047423,0.0029552064965477592,0.0006452601660287932,0.4214113001580706,5.970212970870879,0.3050015281251999,0.0344367090654893,0.0
0.1635629264774898,0.011625942338491315,0.00041910046375113943,0.0016959377769398206,0.006270689668550057,0.036387845204416465,0.1667855141812528,-0.1063844377003915,-0.021465966927558033,-0.0018481532465374933,0.0003094703727281229,0.0005431242393511305,-9.317888402451643e-05,0.015911956546181473,0.025566459358404164,0.0037260970926974724,0.002314702991143681,7.740442671831313e-05,0.00020803156524466324,-0.0009766208327697987,0.0005141042368873276,-0.00079492854703143,-0.0008800669364052363,-0.0008110352629175957,-0.12537110851229608,-0.011555716910678677,-0.0002417810347672967,0.0007938866950578296,0.006622970288811716,0.03309590253952492,0.21465045105748676,0.07864179440994165,0.019776632784889073,0.0023515731425954567,0.0003249732607524944,0.00016743940485668962,-0.0012095702182113568,0.015678289668294702,-0.00032027459621630766,-0.00709029068400688,-0.0015419948772240342,-0.00018137200134366567,0.0002191970966638863,-0.0012850615396496328,0.0017999815958334516,0.0007702418076047423,0.0029552064965477592,0.0006452601660287932,0.42141133614630333,5.970212747111327,0.30498639755600293,0.03443877924709117,0.0
0.1635629264774898,0.011625942338491315,0.00041910046375113943,0.0016959377769398206,0.006270689668550057,0.036387845204416465,0.1667855141812528,-0.1063844377003915,-0.021465966927558033,-0.0018481532465374933,0.0003094703727281229,0.0005431242393511305,-9.317888402451643e-05,0.015911956546181473,0.025566459358404164,0.0037260970926974724,0.002314702991143681,7.740442671831313e-05,0.00020803156524466324,-0.0009766208327697987,0.0005141042368873276,-0.00079492854703143,-0.0008790669364052363,-0.0008120352629175957,-0.12537110851229608,-0.011555716910678677,-0.0002417810347672967,0.0007938866950578296,0.006622970288811716,0.03309590253952492,0.21465045105748676,0.07864179440994165,0.019776632784889073,0.0023515731425954567,0.0003249732607524944,0.00016743940485668962,-0.0012095702182113568,0.015678289668294702,-0.00032027459621630766,-0.00709029068400688,-0.0015419948772240342,-0.00018137200134366567,0.0002191970966638863,-0.0012850615396496328,0.0017999815958334516,0.0007702418076047423,0.0029552064965477592,0.0006452601660287932,0.42140912812902215,5.970211713136598,0.3050069793176182,0.03443622344100229,0.0
0.1635629264774898,0.011625942338491315,0.00041910046375113943,0.0016959377769398206,0.006270689668550057,0.036387845204416465,0.1667855141812528,-0.1063844377003915,-0.021465966927558033,-0.0018481532465374933,0.0003094703727281229,0.0005431242393511305,-9.317888402451643e-05,0.015911956546181473,0.025566459358404164,0.0037260970926974724,0.002314702991143681,7.740442671831313e-05,0.00020803156524466324,-0.0009766208327697987,0.0005141042368873276,-0.00079492854703143,-0.0008800669364052363,-0.0008120352629175957,-0.12537110851229608,-0.011554561338987608,-0.0002417810347672967,0.0007938866950578296,0.006622970288811716,0.03309590253952492,0.21465045105748676,0.07864179440994165,0.019776632784889073,0.0023515731425954567,0.0003249732607524944,0.00016743940485668962,-0.0012095702182113568,0.015678289668294702,-0.00032027459621630766,-0.00709029068400688,-0.0015419948772240342,-0.00018137200134366567,0.0002191970966638863,-0.0012850615396496328,0.0017999815958334516,0.0007702418076047423,0.0029552064965477592,0.0006452601660287932,0.42141164096390793,5.970212565536741,0.305007472340046,0.03443961938753981,0.0
0.1635629264774898,0.011625942338491315,0.00041910046375113943,0.0016959377769398206,0.006270689668550057,0.036387845204416465,0.1667855141812528,-0.1063844377003915,-0.021465966927558033,-0.0018481532465374933,0.0003094703727281229,0.0005431242393511305,-9.317888402451643e-05,0.015911956546181473,0.025566459358404164,0.0037260970926974724,0.002314702991143681,7.740442671831313e-05,0.00020803156524466324,-0.0009766208327697987,0.0005141042368873276,-0.00079492854703143,-0.0008800669364052363,-0.0008120352629175957,-0.12535857140144485,-0.011555716910678677,-0.0002417810347672967,0.0007938866950578296,0.006622970288811716,0.03309590253952492,0.21465045105748676,0.07864179440994165,0.019776632784889073,0.0023515731425954567,0.0003249732607524944,0.00016743940485668962,-0.0012095702182113568,0.015678289668294702,-0.00032027459621630766,-0.00709029068400688,-0.0015419948772240342,-0.00018137200134366567,0.0002191970966638863,-0.0012850615396496328,0.0017999815958334516,0.0007702418076047423,0.0029552064965477592,0.0006452601660287932,0.42141017026389727,5.970212565536741,0.3049911839944409,0.0344386313562795,0.0
0.1635629264774898,0.011625942338491315,0.00041910046375113943,0.0016959377769398206,0.006270689668550057,0.036387845204416465,0.1667855141812528,-0.1063844377003915,-0.021465966927558033,-0.0018481532465374933,0.0003094703727281229,0.0005431242393511305,-9.317888402451643e-05,0.015911956546181473,0.025566459358404164,0.0037260970926974724,0.002314702991143681,7.740442671831313e-05,0.00020803156524466324,-0.0009766208327697987,0.0005141042368873276,-0.00079492854703143,-0.0008800669364052363,-0.0008120352629175957,-0.12537110851229608,-0.011555716910678677,-0.0002417810347672967,0.0007948866950578296,0.006622970288811716,0.03309590253952492,0.21465045105748676,0.07864179440994165,0.019776632784889073,0.0023515731425954567,0.0003249732607524944,0.00016743940485668962,-0.0012095702182113568,0.015678289668294702,-0.00032027459621630766,-0.00709029068400688,-0.0015419948772240342,-0.00018137200134366567,0.0002191970966638863,-0.0012850615396496328,0.0017999815958334516,0.0007702418076047423,0.0029552064965477592,0.0006452601660287932,0.4214116007029748,5.9702125385192435,0.3050130683589548,0.03445467572549038,0.0
0.1635629264774898,0.011625942338491315,0.00041910046375113943,0.0016959377769398206,0.006270689668550057,0.036387845204416465,0.1667855141812528,-0.1063844377003915,-0.021465966927558033,-0.0018481532465374933,0.0003094703727281229,0.0005431242393511305,-9.317888402451643e-05,0.015911956546181473,0.025566459358404164,0.0037260970926974724,0.002314702991143681,7.740442671831313e-05,0.00020803156524466324,-0.0009766208327697987,0.0005141042368873276,-0.00079492854703143,-0.0008800669364052363,-0.0008120352629175957,-0.12537110851229608,-0.011555716910678677,-0.0002407810347672967,0.0007938866950578296,0.006622970288811716,0.03309590253952492,0.21465045105748676,0.07864179440994165,0.019776632784889073,0.0023515731425954567,0.0003249732607524944,0.00016743940485668962,-0.0012095702182113568,0.015678289668294702,-0.00032027459621630766,-0.00709029068400688,-0.0015419948772240342,-0.00018137200134366567,0.0002191970966638863,-0.0012850615396496328,0.0017999815958334516,0.0007702418076047423,0.0029552064965477592,0.0006452601660287932,0.42141155697483584,5.970212565536741,0.3050000780741373,0.03443660247120368,0.0
0.1635629264774898,0.011625942338491315,0.00041910046375113943,0.0016959377769398206,0.006270689668550057,0.036387845204416465,0.1667855141812528,-0.1063844377003915,-0.021465966927558033,-0.0018481532465374933,0.0003094703727281229,0.0005431242393511305,-9.317888402451643e-05,0.015911956546181473,0.025566459358404164,0.0037260970926974724,0.002314702991143681,7.740442671831313e-05,0.00020803156524466324,-0.0009766208327697987,0.0005141042368873276,-0.00079492854703143,-0.0008800669364052363,-0.0008120352629175957,-0.12537110851229608,-0.011555716910678677,-0.0002417810347672967,0.0007938866950578296,0.006622970288811716,0.03309921212977887,0.21465045105748676,0.07864179440994165,0.019776632784889073,0.0023515731425954567,0.0003249732607524944,0.00016743940485668962,-0.0012095702182113568,0.015678289668294702,-0.00032027459621630766,-0.00709029068400688,-0.0015419948772240342,-0.00018137200134366567,0.0002191970966638863,-0.0012850615396496328,0.0017999815958334516,0.0007702418076047423,0.0029552064965477592,0.0006452601660287932,0.4214115392296241,5.970208219858363,0.30508193170380576,0.03442713874847098,0.0
0.1635629264774898,0.011625942338491315,0.00041910046375113943,0.0016959377769398206,0.006270689668550057,0.036387845204416465,0.1667855141812528,-0.1063844377003915,-0.021465966927558033,-0.0018481532465374933,0.0003094703727281229,0.0005431242393511305,-9.317888402451643e-05,0.015911956546181473,0.025566459358404164,0.0037260970926974724,0.002314702991143681,7.740442671831313e-05,0.00020803156524466324,-0.0009766208327697987,0.0005141042368873276,-0.00079492854703143,-0.0008800669364052363,-0.0008120352629175957,-0.12537110851229608,-0.011555716910678677,-0.0002417810347672967,0.0007938866950578296,0.006623970288811716,0.03309590253952492,0.21465045105748676,0.07864179440994165,0.019776632784889073,0.0023515731425954567,0.0003249732607524944,0.00016743940485668962,-0.0012095702182113568,0.015678289668294702,-0.00032027459621630766,-0.00709029068400688,-0.0015419948772240342,-0.00018137200134366567,0.0002191970966638863,-0.0012850615396496328,0.0017999815958334516,0.0007702418076047423,0.0029552064965477592,0.0006452601660287932,0.4214115754537251,5.9702127044663005,0.3049925695740559,0.03442009054555591,0.0
0.1635629264774898,0.011625942338491315,0.00041910046375113943,0.0016959377769398206,0.006270689668550057,0.036387845204416465,0.1667855141812528,-0.1063844377003915,-0.021465966927558033,-0.0018481532465374933,0.0003094703727281229,0.0005431242393511305,-9.317888402451643e-05,0.015911956546181473,0.025566459358404164,0.0037260970926974724,0.002314702991143681,7.740442671831313e-05,0.00020803156524466324,-0.0009766208327697987,0.0005141042368873276,-0.00079492854703143,-0.0008800669364052363,-0.0008120352629175957,-0.12537110851229608,-0.011555716910678677,-0.0002417810347672967,0.0007938866950578296,0.006622970288811716,0.03309590253952492,0.21465045105748676,0.07864965858938265,0.019776632784889073,0.0023515731425954567,0.0003249732607524944,0.00016743940485668962,-0.0012095702182113568,0.015678289668294702,-0.00032027459621630766,-0.00709029068400688,-0.0015419948772240342,-0.00018137200134366567,0.0002191970966638863,-0.0012850615396496328,0.0017999815958334516,0.0007702418076047423,0.0029552064965477592,0.0006452601660287932,0.4214326047169973,5.970324663281016,0.3049408221721513,0.03446520574921952,0.0
0.1635629264774898,0.011625942338491315,0.00041910046375113943,0.0016959377769398206,0.006270689668550057,0.036387845204416465,0.1667855141812528,-0.1063844377003915,-0.021465966927558033,-0.0018481532465374933,0.0003094703727281229,0.0005431242393511305,-9.317888402451643e-05,0.015911956546181473,0.025566459358404164,0.0037260970926974724,0.002314702991143681,7.740442671831313e-05,0.00020803156524466324,-0.0009766208327697987,0.0005141042368873276,-0.00079492854703143,-0.0008800669364052363,-0.0008120352629175957,-0.12537110851229608,-0.011555716910678677,-0.0002417810347672967,0.0007938866950578296,0.006622970288811716,0.03309590253952492,0.2146719161025925,0.07864179440994165,0.019776632784889073,0.0023515731425954567,0.0003249732607524944,0.00016743940485668962,-0.0012095702182113568,0.015678289668294702,-0.00032027459621630766,-0.00709029068400688,-0.0015419948772240342,-0.00018137200134366567,0.0002191970966638863,-0.0012850615396496328,0.0017999815958334516,0.0007702418076047423,0.0029552064965477592,0.0006452601660287932,0.42136637379604097,5.9698057532366136,0.30504798089296864,0.03440395892708963,0.0
0.1635629264774898,0.011625942338491315,0.00041910046375113943,0.0016959377769398206,0.006270689668550057,0.036387845204416465,0.1667855141812528,-0.1063844377003915,-0.021465966927558033,-0.0018481532465374933,0.0003094703727281229,0.0005431242393511305,-9.317888402451643e-05,0.015911956546181473,0.025566459358404164,0.0037260970926974724,0.002314702991143681,7.740442671831313e-05,0.00020803156524466324,-0.0009766208327697987,0.0005141042368873276,-0.00079492854703143,-0.0008800669364052363,-0.0008120352629175957,-0.12537110851229608,-0.011555716910678677,-0.0002417810347672967,0.0007938866950578296,0.006622970288811716,0.03309590253952492,0.21465045105748676,0.07864179440994165,0.019776632784889073,0.002352573142595457,0.0003249732607524944,0.00016743940485668962,-0.0012095702182113568,0.015678289668294702,-0.00032027459621630766,-0.00709029068400688,-0.0015419948772240342,-0.00018137200134366567,0.0002191970966638863,-0.0012850615396496328,0.0017999815958334516,0.0007702418076047423,0.0029552064965477592,0.0006452601660287932,0.42141159465345057,5.970212351987657,0.3049984651702785,0.0344653222915249,0.0
0.1635629264774898,0.011625942338491315,0.00041910046375113943,0.0016959377769398206,0.006270689668550057,0.036387845204416465,0.1667855141812528,-0.1063844377003915,-0.021465966927558033,-0.0018481532465374933,0.0003094703727281229,0.0005431242393511305,-9.317888402451643e-05,0.015911956546181473,0.025566459358404164,0.0037260970926974724,0.002314702991143681,7.740442671831313e-05,0.00020803156524466324,-0.0009766208327697987,0.0005141042368873276,-0.00079492854703143,-0.0008800669364052363,-0.0008120352629175957,-0.12537110851229608,-0.011555716910678677,-0.0002417810347672967,0.0007938866950578296,0.006622970288811716,0.03309590253952492,0.21465045105748676,0.07864179440994165,0.01977861044816756,0.0023515731425954567,0.0003249732607524944,0.00016743940485668962,-0.0012095702182113568,0.015678289668294702,-0.00032027459621630766,-0.00709029068400688,-0.0015419948772240342,-0.00018137200134366567,0.0002191970966638863,-0.0012850615396496328,0.0017999815958334516,0.0007702418076047423,0.0029552064965477592,0.0006452601660287932,0.4214121684105865,5.970214152321239,0.3049239687993066,0.034450505004408924,0.0
0.1635629264774898,0.011625942338491315,0.00041910046375113943,0.0016959377769398206,0.006270689668550057,0.036387845204416465,0.1667855141812528,-0.1063844377003915,-0.021465966927558033,-0.0018481532465374933,0.0003094703727281229,0.0005431242393511305,-9.317888402451643e-05,0.015911956546181473,0.025566459358404164,0.0037260970926974724,0.002314702991143681,7.740442671831313e-05,0.00020803156524466324,-0.0009766208327697987,0.0005141042368873276,-0.00079492854703143,-0.0008800669364052363,-0.0008120352629175957,-0.12537110851229608,-0.011555716910678677,-0.0002417810347672967,0.0007938866950578296,0.006622970288811716,0.03309590253952492,0.21465045105748676,0.07864179440994165,0.019776632784889073,0.0023515731425954567,0.0003249732607524944,0.00016843940485668961,-0.0012095702182113568,0.015678289668294702,-0.00032027459621630766,-0.00709029068400688,-0.0015419948772240342,-0.00018137200134366567,0.0002191970966638863,-0.0012850615396496328,0.0017999815958334516,0.0007702418076047423,0.0029552064965477592,0.0006452601660287932,0.42141163725915404,5.970212839390693,0.30501093286079756,0.03444279820653648,0.0
0.1635629264774898,0.011625942338491315,0.00041910046375113943,0.0016959377769398206,0.006270689668550057,0.036387845204416465,0.1667855141812528,-0.1063844377003915,-0.021465966927558033,-0.0018481532465374933,0.0003094703727281229,0.0005431242393511305,-9.317888402451643e-05,0.015911956546181473,0.025566459358404164,0.0037260970926974724,0.002314702991143681,7.740442671831313e-05,0.00020803156524466324,-0.0009766208327697987,0.0005141042368873276,-0.00079492854703143,-0.0008800669364052363,-0.0008120352629175957,-0.12537110851229608,-0.011555716910678677,-0.0002417810347672967,0.0007938866950578296,0.006622970288811716,0.03309590253952492,0.21465045105748676,0.07864179440994165,0.019776632784889073,0.0023515731425954567,0.00032597326075249443,0.00016743940485668962,-0.0012095702182113568,0.015678289668294702,-0.00032027459621630766,-0.00709029068400688,-0.0015419948772240342,-0.00018137200134366567,0.0002191970966638863,-0.0012850615396496328,0.0017999815958334516,0.0007702418076047423,0.0029552064965477592,0.0006452601660287932,0.421411557366808,5.970212626640871,0.3049662262453534,0.034448961901207546,0.0
0.1635629264774898,0.011625942338491315,0.00041910046375113943,0.0016959377769398206,0.006270689668550057,0.036387845204416465,0.1667855141812528,-0.1063844377003915,-0.021465966927558033,-0.0018481532465374933,0.0003094703727281229,0.0005431242393511305,-9.317888402451643e-05,0.015911956546181473,0.025566459358404164,0.0037260970926974724,0.002314702991143681,7.740442671831313e-05,0.00020803156524466324,-0.0009766208327697987,0.0005141042368873276,-0.00079492854703143,-0.0008800669364052363,-0.0008120352629175957,-0.12537110851229608,-0.011555716910678677,-0.0002417810347672967,0.0007938866950578296,0.006622970288811716,0.03309590253952492,0.21465045105748676,0.07864179440994165,0.019776632784889073,0.0023515731425954567,0.0003249732607524944,0.00016743940485668962,-0.0012095702182113568,0.015679857497261532,-0.00032027459621630766,-0.00709029068400688,-0.0015419948772240342,-0.00018137200134366567,0.0002191970966638863,-0.0012850615396496328,0.0017999815958334516,0.0007702418076047423,0.0029552064965477592,0.0006452601660287932,0.42141176944514136,5.970211868250302,0.305002203318491,0.034438315537048785,0.0
0.1635629264774898,0.011625942338491315,0.00041910046375113943,0.0016959377769398206,0.006270689668550057,0.036387845204416465,0.1667855141812528,-0.1063844377003915,-0.021465966927558033,-0.0018481532465374933,0.0003094703727281229,0.0005431242393511305,-9.317888402451643e-05,0.015911956546181473,0.025566459358404164,0.0037260970926974724,0.002314702991143681,7.740442671831313e-05,0.00020803156524466324,-0.0009766208327697987,0.0005141042368873276,-0.00079492854703143,-0.0008800669364052363,-0.0008120352629175957,-0.12537110851229608,-0.011555716910678677,-0.0002417810347672967,0.0007938866950578296,0.006622970288811716,0.03309590253952492,0.21465045105748676,0.07864179440994165,0.019776632784889073,0.0023515731425954567,0.0003249732607524944,0.00016743940485668962,-0.001208570218211357,0.015678289668294702,-0.00032027459621630766,-0.00709029068400688,-0.0015419948772240342,-0.00018137200134366567,0.0002191970966638863,-0.0012850615396496328,0.0017999815958334516,0.0007702418076047423,0.0029552064965477592,0.0006452601660287932,0.4214117377263074,5.970214267917388,0.3049846339130363,0.03443673613916808,0.0
0.1635629264774898,0.011625942338491315,0.00041910046375113943,0.0016959377769398206,0.006270689668550057,0.036387845204416465,0.1667855141812528,-0.1063844377003915,-0.021465966927558033,-0.0018481532465374933,0.0003094703727281229,0.0005431242393511305,-9.317888402451643e-05,0.015911956546181473,0.025566459358404164,0.0037260970926974724,0.002314702991143681,7.740442671831313e-05,0.00020803156524466324,-0.0009766208327697987,0.0005141042368873276,-0.00079492854703143,-0.0008800669364052363,-0.0008120352629175957,-0.12537110851229608,-0.011555716910678677,-0.0002417810347672967,0.0007938866950578296,0.006622970288811716,0.03309590253952492,0.21465045105748676,0.07864179440994165,0.019776632784889073,0.0023515731425954567,0.0003249732607524944,0.00016743940485668962,-0.0012095702182113568,0.015678289668294702,-0.00032027459621630766,-0.00708929068400688,-0.0015419948772240342,-0.00018137200134366567,0.0002191970966638863,-0.0012850615396496328,0.0017999815958334516,0.0007702418076047423,0.0029552064965477592,0.0006452601660287932,0.421411176336637,5.970213146575662,0.3049981333417211,0.03443654083914489,0.0
0.1635629264774898,0.011625942338491315,0.00041910046375113943,0.0016959377769398206,0.006270689668550057,0.036387845204416465,0.1667855141812528,-0.1063844377003915,-0.021465966927558033,-0.0018481532465374933,0.0003094703727281229,0.0005431242393511305,-9.317888402451643e-05,0.015911956546181473,0.025566459358404164,0.0037260970926974724,0.002314702991143681,7.740442671831313e-05,0.00020803156524466324,-0.0009766208327697987,0.0005141042368873276,-0.00079492854703143,-0.0008800669364052363,-0.0008120352629175957,-0.12537110851229608,-0.011555716910678677,-0.0002417810347672967,0.0007938866950578296,0.006622970288811716,0.03309590253952492,0.21465045105748676,0.07864179440994165,0.019776632784889073,0.0023515731425954567,0.0003249732607524944,0.00016743940485668962,-0.0012095702182113568,0.015678289668294702,-0.00031927459621630764,-0.00709029068400688,-0.0015419948772240342,-0.00018137200134366567,0.0002191970966638863,-0.0012850615396496328,0.0017999815958334516,0.0007702418076047423,0.0029552064965477592,0.0006452601660287932,0.42141215582335706,5.970203974045043,0.3049963948625409,0.034436971733734306,0.0
0.1635629264774898,0.011625942338491315,0.00041910046375113943,0.0016959377769398206,0.006270689668550057,0.036387845204416465,0.1667855141812528,-0.1063844377003915,-0.021465966927558033,-0.0018481532465374933,0.0003094703727281229,0.0005431242393511305,-9.317888402451643e-05,0.015911956546181473,0.025566459358404164,0.0037260970926974724,0.002314702991143681,7.740442671831313e-05,0.00020803156524466324,-0.0009766208327697987,0.0005141042368873276,-0.00079492854703143,-0.0008800669364052363,-0.0008120352629175957,-0.12537110851229608,-0.011555716910678677,-0.0002417810347672967,0.0007938866950578296,0.006622970288811716,0.03309590253952492,0.21465045105748676,0.07864179440994165,0.019776632784889073,0.0023515731425954567,0.0003249732607524944,0.00016743940485668962,-0.0012095702182113568,0.015678289668294702,-0.00032027459621630766,-0.00709029068400688,-0.0015419948772240342,-0.00018037200134366567,0.0002191970966638863,-0.0012850615396496328,0.0017999815958334516,0.0007702418076047423,0.0029552064965477592,0.0006452601660287932,0.42141160412480005,5.970212578120984,0.30501975297455697,0.034438336302390335,0.0
0.1635629264774898,0.011625942338491315,0.00041910046375113943,0.0016959377769398206,0.006270689668550057,0.036387845204416465,0.1667855141812528,-0.1063844377003915,-0.021465966927558033,-0.0018481532465374933,0.0003094703727281229,0.0005431242393511305,-9.317888402451643e-05,0.015911956546181473,0.025566459358404164,0.0037260970926974724,0.002314702991143681,7.740442671831313e-05,0.00020803156524466324,-0.0009766208327697987,0.0005141042368873276,-0.00079492854703143,-0.0008800669364052363,-0.0008120352629175957,-0.12537110851229608,-0.011555716910678677,-0.0002417810347672967,0.0007938866950578296,0.006622970288811716,0.03309590253952492,0.21465045105748676,0.07864179440994165,0.019776632784889073,0.0023515731425954567,0.0003249732607524944,0.00016743940485668962,-0.0012095702182113568,0.015678289668294702,-0.00032027459621630766,-0.00709029068400688,-0.0015409948772240343,-0.00018137200134366567,0.0002191970966638863,-0.0012850615396496328,0.0017999815958334516,0.0007702418076047423,0.0029552064965477592,0.0006452601660287932,0.4214117815264297,5.970212632833066,0.3049822569315795,0.03443970208086228,0.0
0.1635629264774898,0.011625942338491315,0.00041910046375113943,0.0016959377769398206,0.006270689668550057,0.036387845204416465,0.1667855141812528,-0.1063844377003915,-0.021465966927558033,-0.0018481532465374933,0.0003094703727281229,0.0005431242393511305,-9.317888402451643e-05,0.015911956546181473,0.025566459358404164,0.0037260970926974724,0.002314702991143681,7.740442671831313e-05,0.00020803156524466324,-0.0009766208327697987,0.0005141042368873276,-0.00079492854703143,-0.0008800669364052363,-0.0008120352629175957,-0.12537110851229608,-0.011555716910678677,-0.0002417810347672967,0.0007938866950578296,0.006622970288811716,0.03309590253952492,0.21465045105748676,0.07864179440994165,0.019776632784889073,0.0023515731425954567,0.0003249732607524944,0.00016743940485668962,-0.0012095702182113568,0.015678289668294702,-0.00032027459621630766,-0.00709029068400688,-0.0015419948772240342,-0.00018137200134366567,0.0002191970966638863,-0.001284061539649633,0.0017999815958334516,0.0007702418076047423,0.0029552064965477592,0.0006452601660287932,0.42141155004380243,5.970213116643839,0.30501403307077174,0.03443684524304084,0.0
0.1635629264774898,0.011625942338491315,0.00041910046375113943,0.0016959377769398206,0.006270689668550057,0.036387845204416465,0.1667855141812528,-0.1063844377003915,-0.021465966927558033,-0.0018481532465374933,0.0003094703727281229,0.0005431242393511305,-9.317888402451643e-05,0.015911956546181473,0.025566459358404164,0.0037260970926974724,0.002314702991143681,7.740442671831313e-05,0.00020803156524466324,-0.0009766208327697987,0.0005141042368873276,-0.00079492854703143,-0.0008800669364052363,-0.0008120352629175957,-0.12537110851229608,-0.011555716910678677,-0.0002417810347672967,0.0007938866950578296,0.006622970288811716,0.03309590253952492,0.21465045105748676,0.07864179440994165,0.019776632784889073,0.0023515731425954567,0.0003249732607524944,0.00016743940485668962,-0.0012095702182113568,0.015678289668294702,-0.00032027459621630766,-0.00709029068400688,-0.0015419948772240342,-0.00018137200134366567,0.0002201970966638863,-0.0012850615396496328,0.0017999815958334516,0.0007702418076047423,0.0029552064965477592,0.0006452601660287932,0.42141154040239626,5.970212516451337,0.30499676683332266,0.03443841445771825,0.0
0.1635629264774898,0.011625942338491315,0.00041910046375113943,0.0016959377769398206,0.006270689668550057,0.036387845204416465,0.1667855141812528,-0.1063844377003915,-0.021465966927558033,-0.0018481532465374933,0.0003094703727281229,0.0005431242393511305,-9.317888402451643e-05,0.015911956546181473,0.025566459358404164,0.0037260970926974724,0.002314702991143681,7.740442671831313e-05,0.00020803156524466324,-0.0009766208327697987,0.0005141042368873276,-0.00079492854703143,-0.0008800669364052363,-0.0008120352629175957,-0.12537110851229608,-0.011555716910678677,-0.0002417810347672967,0.0007938866950578296,0.006622970288811716,0.03309590253952492,0.21465045105748676,0.07864179440994165,0.019776632784889073,0.0023515731425954567,0.0003249732607524944,0.00016743940485668962,-0.0012095702182113568,0.015678289668294702,-0.00032027459621630766,-0.00709029068400688,-0.0015419948772240342,-0.00018137200134366567,0.0002191970966638863,-0.0012850615396496328,0.0017999815958334516,0.0007712418076047423,0.0029552064965477592,0.0006452601660287932,0.42140809912277755,5.970213635454141,0.30501224678387767,0.03443667594918625,0.0
0.1635629264774898,0.011625942338491315,0.00041910046375113943,0.0016959377769398206,0.006270689668550057,0.036387845204416465,0.1667855141812528,-0.1063844377003915,-0.021465966927558033,-0.0018481532465374933,0.0003094703727281229,0.0005431242393511305,-9.317888402451643e-05,0.015911956546181473,0.025566459358404164,0.0037260970926974724,0.002314702991143681,7.740442671831313e-05,0.00020803156524466324,-0.0009766208327697987,0.0005141042368873276,-0.00079492854703143,-0.0008800669364052363,-0.0008120352629175957,-0.12537110851229608,-0.011555716910678677,-0.0002417810347672967,0.0007938866950578296,0.006622970288811716,0.03309590253952492,0.21465045105748676,0.07864179440994165,0.019776632784889073,0.0023515731425954567,0.0003249732607524944,0.00016743940485668962,-0.0012095702182113568,0.015678289668294702,-0.00032027459621630766,-0.00709029068400688,-0.0015419948772240342,-0.00018137200134366567,0.0002191970966638863,-0.0012850615396496328,0.0018009815958334515,0.0007702418076047423,0.0029552064965477592,0.0006452601660287932,0.4214109877134643,5.970213424592178,0.3050058115282943,0.034436241344812275,0.0
0.1635629264774898,0.011625942338491315,0.00041910046375113943,0.0016959377769398206,0.006270689668550057,0.036387845204416465,0.1667855141812528,-0.1063844377003915,-0.021465966927558033,-0.0018481532465374933,0.0003094703727281229,0.0005431242393511305,-9.317888402451643e-05,0.015911956546181473,0.025566459358404164,0.0037260970926974724,0.002314702991143681,7.740442671831313e-05,0.00020803156524466324,-0.0009766208327697987,0.0005141042368873276,-0.00079492854703143,-0.0008800669364052363,-0.0008120352629175957,-0.12537110851229608,-0.011555716910678677,-0.0002417810347672967,0.0007938866950578296,0.006622970288811716,0.03309590253952492,0.21465045105748676,0.07864179440994165,0.019776632784889073,0.0023515731425954567,0.0003249732607524944,0.00016743940485668962,-0.0012095702182113568,0.015678289668294702,-0.00032027459621630766,-0.00709029068400688,-0.0015419948772240342,-0.00018137200134366567,0.0002191970966638863,-0.0012850615396496328,0.0017999815958334516,0.0007702418076047423,0.0029552064965477592,0.0006462601660287932,0.42141202814493867,5.97021259553419,0.3049953556771203,0.03443760371331976,0.0
0.1635629264774898,0.011625942338491315,0.00041910046375113943,0.0016959377769398206,0.006270689668550057,0.036387845204416465,0.1667855141812528,-0.1063844377003915,-0.021465966927558033,-0.0018481532465374933,0.0003094703727281229,0.0005431242393511305,-9.317888402451643e-05,0.015911956546181473,0.025566459358404164,0.0037260970926974724,0.002314702991143681,7.740442671831313e-05,0.00020803156524466324,-0.0009766208327697987,0.0005141042368873276,-0.00079492854703143,-0.0008800669364052363,-0.0008120352629175957,-0.12537110851229608,-0.011555716910678677,-0.0002417810347672967,0.0007938866950578296,0.006622970288811716,0.03309590253952492,0.21465045105748676,0.07864179440994165,0.019776632784889073,0.0023515731425954567,0.0003249732607524944,0.00016743940485668962,-0.0012095702182113568,0.015678289668294702,-0.00032027459621630766,-0.00709029068400688,-0.0015419948772240342,-0.00018137200134366567,0.0002191970966638863,-0.0012850615396496328,0.0017999815958334516,0.0007702418076047423,0.0029562064965477594,0.0006452601660287932,0.4214150637927749,5.970212039052349,0.3049863356514641,0.03443628151650389,0.0
0.16356314213581916,0.011625771152823254,0.0004204369026174481,0.0016988044843836653,0.006273959785392414,0.0363884256724342,0.16678567992688323,-0.10639617946253456,-0.021463103035397006,-0.001845098673662342,0.00031032657158154775,0.0005428895827697848,-9.32994109634366e-05,0.01591188790802152,0.025566687714574356,0.003726717361553364,0.0023159987871668565,7.830207108850963e-05,0.00020874974177356623,-0.0009763771254621992,0.0005141613985796284,-0.0007954618171749292,-0.000880310749741524,-0.0008111435473757945,-0.1253710584849857,-0.011555954152461991,-0.00024164363886887928,0.0007932893238594634,0.006623537977327728,0.033094579405220426,0.214650334451259,0.0786422258803854,0.01977882331570784,0.0023517732729795475,0.00032697071224255605,0.00016697102017868538,-0.0012085790468115416,0.015678301346537398,-0.00031993437647596105,-0.007090045679198611,-0.0015408751150806457,-0.0001823238847016125,0.00021951588000153043,-0.0012856958076302443,0.0017998024144228522,0.0007697064849409812,0.002956103884385254,0.0006456577170623259,0.42145681851545147,5.970258844651594,0.3062129029396675,0.0347558541930535,0.0
0.16356298039174866,0.011625899549757075,0.00041943457978398894,0.001696654549020068,0.00627150723865632,0.03638799033533387,0.16678555562169095,-0.10638737306830406,-0.021465250935156124,-0.0018473895065550686,0.0003096844609546788,0.0005430655937793615,-9.320901677554532e-05,0.015911939385436842,0.025566516445595065,0.0037262521545706646,0.002315026936928293,7.76288436112046e-05,0.00020821111263855249,-0.0009765599030270555,0.0005141185278156446,-0.0007950618616557885,-0.000880127889024216,-0.0008118123329367937,-0.12537109600473675,-0.01155577621341523,-0.00024174668484671508,0.0007937374039455851,0.006623112167972658,0.03309557174345878,0.2146504219059891,0.07864190228060133,0.019777180438850732,0.0023516232510470718,0.00032547265116246557,0.00016732233015035619,-0.0012093224290867714,0.015678292589359367,-0.00032018954228555085,-0.00709022943435925,-0.001541714933388828,-0.00018160996247067383,0.0002192767970033605,-0.0012852201027937792,0.0017999368006209014,0.0007701079796527951,0.002955430838110425,0.0006453595546610546,0.42142289362057916,5.9702241352230345,0.3069550238891736,0.0345161669536189,0.0
0.16356293995603452,0.011625931641782637,0.0004191839931496944,0.0016961169758452751,0.006270894063604234,0.03638788148800576,0.16678552454161144,-0.10638517153788049,-0.021465787928260937,-0.0018479623055610431,0.00030952389716520196,0.000543109579106223,-9.318641727508731e-05,0.01591195225592086,0.025566473630087433,0.003726135857835633,0.002314783977390694,7.746053130001553e-05,0.0002080764522947068,-0.00097660560015389,0.0005141078096506313,-0.0007949618755075427,-0.0008800821745157765,-0.0008119795303547212,-0.12537110538536103,-0.011555731735886294,-0.00024177244722869485,0.0007938493754746219,0.006623005755946053,0.033095819839736446,0.214650443769616,0.078641821377795,0.01977676969969327,0.0023515856743970046,0.0003250981100569817,0.00016741013750677718,-0.0012095082711605176,0.01567829039865383,-0.0003202533327957075,-0.007090275371691064,-0.001541924891061341,-0.0001814314910250591,0.00021921702202719464,-0.0012851011801976126,0.0017999703970389767,0.000770208350784524,0.002955262581604829,0.0006452850132408563,0.42141441440090494,5.970215457952743,0.3049330204431639,0.03445647724857759,0.0
0.16356293995603452,0.011625931641782637,0.0004191839931496944,0.0016961169758452751,0.006270894063604234,0.03638788148800576,0.16678552454161144,-0.10638517153788049,-0.021465787928260937,-0.0018479623055610431,0.00030952389716520196,0.000543109579106223,-9.318641727508731e-05,0.01591195225592086,0.025566473630087433,0.003726135857835633,0.002314783977390694,7.746053130001553e-05,0.0002080764522947068,-0.00097660560015389,0.0005141078096506313,-0.0007949618755075427,-0.0008800821745157765,-0.0008119795303547212,-0.12537110538536103,-0.011555731735886294,-0.00024177244722869485,0.0007938493754746219,0.006623005755946053,0.033095819839736446,0.214650443769616,0.078641821377795,0.01977676969969327,0.0023515856743970046,0.0003250981100569817,0.00016741013750677718,-0.0012095082711605176,0.01567829039865383,-0.0003202533327957075,-0.007090275371691064,-0.001541924891061341,-0.0001814314910250591,0.00021921702202719464,-0.0012851011801976126,0.0017999703970389767,0.000770208350784524,0.002955262581604829,0.0006452850132408563,0.42141441440090494,5.970215457952743,0.3049330204431639,0.03445647724857759,0.0
0.16357929625003012,0.011625931641782637,0.0004191839931496944,0.0016961169758452751,0.006270894063604234,0.03638788148800576,0.16678552454161144,-0.10638517153788049,-0.021465787928260937,-0.0018479623055610431,0.00030952389716520196,0.000543109579106223,-9.318641727508731e-05,0.01591195225592086,0.025566473630087433,0.003726135857835633,0.002314783977390694,7.746053130001553e-05,0.0002080764522947068,-0.00097660560015389,0.0005141078096506313,-0.0007949618755075427,-0.0008800821745157765,-0.0008119795303547212,-0.12537110538536103,-0.011555731735886294,-0.00024177244722869485,0.0007938493754746219,0.006623005755946053,0.033095819839736446,0.214650443769616,0.078641821377795,0.01977676969969327,0.0023515856743970046,0.0003250981100569817,0.00016741013750677718,-0.0012095082711605176,0.01567829039865383,-0.0003202533327957075,-0.007090275371691064,-0.001541924891061341,-0.0001814314910250591,0.00021921702202719464,-0.0012851011801976126,0.0017999703970389767,0.000770208350784524,0.002955262581604829,0.0006452850132408563,0.4214167731027937,5.970216312050545,0.304864857899936,0.03445976730872358,0.0
0.16356293995603452,0.011627094234946815,0.0004191839931496944,0.0016961169758452751,0.006270894063604234,0.03638788148800576,0.16678552454161144,-0.10638517153788049,-0.021465787928260937,-0.0018479623055610431,0.00030952389716520196,0.000543109579106223,-9.318641727508731e-05,0.01591195225592086,0.025566473630087433,0.003726135857835633,0.002314783977390694,7.746053130001553e-05,0.0002080764522947068,-0.00097660560015389,0.0005141078096506313,-0.0007949618755075427,-0.0008800821745157765,-0.0008119795303547212,-0.12537110538536103,-0.011555731735886294,-0.00024177244722869485,0.0007938493754746219,0.006623005755946053,0.033095819839736446,0.214650443769616,0.078641821377795,0.01977676969969327,0.0023515856743970046,0.0003250981100569817,0.00016741013750677718,-0.0012095082711605176,0.01567829039865383,-0.0003202533327957075,-0.007090275371691064,-0.001541924891061341,-0.0001814314910250591,0.00021921702202719464,-0.0012851011801976126,0.0017999703970389767,0.000770208350784524,0.002955262581604829,0.0006452850132408563,0.42141439832387,5.970215450919691,0.30493607571083253,0.03445891188904914,0.0
0.16356293995603452,0.011625931641782637,0.0004201839931496944,0.0016961169758452751,0.006270894063604234,0.03638788148800576,0.16678552454161144,-0.10638517153788049,-0.021465787928260937,-0.0018479623055610431,0.00030952389716520196,0.000543109579106223,-9.318641727508731e-05,0.01591195225592086,0.025566473630087433,0.003726135857835633,0.002314783977390694,7.746053130001553e-05,0.0002080764522947068,-0.00097660560015389,0.0005141078096506313,-0.0007949618755075427,-0.0008800821745157765,-0.0008119795303547212,-0.12537110538536103,-0.011555731735886294,-0.00024177244722869485,0.0007938493754746219,0.006623005755946053,0.033095819839736446,0.214650443769616,0.078641821377795,0.01977676969969327,0.0023515856743970046,0.0003250981100569817,0.00016741013750677718,-0.0012095082711605176,0.01567829039865383,-0.0003202533327957075,-0.007090275371691064,-0.001541924891061341,-0.0001814314910250591,0.00021921702202719464,-0.0012851011801976126,0.0017999703970389767,0.000770208350784524,0.002955262581604829,0.0006452850132408563,0.42141442227124615,5.97021549145772,0.30490797380732176,0.03446123282592401,0.0
0.16356293995603452,0.011625931641782637,0.0004191839931496944,0.001697116975845275,0.006270894063604234,0.03638788148800576,0.16678552454161144,-0.10638517153788049,-0.021465787928260937,-0.0018479623055610431,0.00030952389716520196,0.000543109579106223,-9.318641727508731e-05,0.01591195225592086,0.025566473630087433,0.003726135857835633,0.002314783977390694,7.746053130001553e-05,0.0002080764522947068,-0.00097660560015389,0.0005141078096506313,-0.0007949618755075427,-0.0008800821745157765,-0.0008119795303547212,-0.12537110538536103,-0.011555731735886294,-0.00024177244722869485,0.0007938493754746219,0.006623005755946053,0.033095819839736446,0.214650443769616,0.078641821377795,0.01977676969969327,0.0023515856743970046,0.0003250981100569817,0.00016741013750677718,-0.0012095082711605176,0.01567829039865383,-0.0003202533327957075,-0.007090275371691064,-0.001541924891061341,-0.0001814314910250591,0.00021921702202719464,-0.0012851011801976126,0.0017999703970389767,0.000770208350784524,0.002955262581604829,0.0006452850132408563,0.4214143736883878,5.970215557913033,0.30487452240354385,0.034494736791598285,0.0
0.16356293995603452,0.011625931641782637,0.0004191839931496944,0.0016961169758452751,0.006270894063604234,0.03639152027615456,0.16678552454161144,-0.10638517153788049,-0.021465787928260937,-0.0018479623055610431,0.00030952389716520196,0.000543109579106223,-9.318641727508731e-05,0.01591195225592086,0.025566473630087433,0.003726135857835633,0.002314783977390694,7.746053130001553e-05,0.0002080764522947068,-0.00097660560015389,0.0005141078096506313,-0.0007949618755075427,-0.0008800821745157765,-0.0008119795303547212,-0.12537110538536103,-0.011555731735886294,-0.00024177244722869485,0.0007938493754746219,0.006623005755946053,0.033095819839736446,0.214650443769616,0.078641821377795,0.01977676969969327,0.0023515856743970046,0.0003250981100569817,0.00016741013750677718,-0.0012095082711605176,0.01567829039865383,-0.0003202533327957075,-0.007090275371691064,-0.001541924891061341,-0.0001814314910250591,0.00021921702202719464,-0.0012851011801976126,0.0017999703970389767,0.000770208350784524,0.002955262581604829,0.0006452850132408563,0.42141381436224834,5.970215875959183,0.3048710099656687,0.034483183769266984,0.0
0.16356293995603452,0.011625931641782637,0.0004191839931496944,0.0016961169758452751,0.006271894063604234,0.03638788148800576,0.16678552454161144,-0.10638517153788049,-0.021465787928260937,-0.0018479623055610431,0.00030952389716520196,0.000543109579106223,-9.318641727508731e-05,0.01591195225592086,0.025566473630087433,0.003726135857835633,0.002314783977390694,7.746053130001553e-05,0.0002080764522947068,-0.00097660560015389,0.0005141078096506313,-0.0007949618755075427,-0.0008800821745157765,-0.0008119795303547212,-0.12537110538536103,-0.011555731735886294,-0.00024177244722869485,0.0007938493754746219,0.006623005755946053,0.033095819839736446,0.214650443769616,0.078641821377795,0.01977676969969327,0.0023515856743970046,0.0003250981100569817,0.00016741013750677718,-0.0012095082711605176,0.01567829039865383,-0.0003202533327957075,-0.007090275371691064,-0.001541924891061341,-0.0001814314910250591,0.00021921702202719464,-0.0012851011801976126,0.0017999703970389767,0.000770208350784524,0.002955262581604829,0.0006452850132408563,0.42141437054103165,5.970215594989407,0.304863735676081,0.03447333014847806,0.0
0.16356293995603452,0.011625931641782637,0.0004191839931496944,0.0016961169758452751,0.006270894063604234,0.03638788148800576,0.16678552454161144,-0.1063745330207267,-0.021465787928260937,-0.0018479623055610431,0.00030952389716520196,0.000543109579106223,-9.318641727508731e-05,0.01591195225592086,0.025566473630087433,0.003726135857835633,0.002314783977390694,7.746053130001553e-05,0.0002080764522947068,-0.00097660560015389,0.0005141078096506313,-0.0007949618755075427,-0.0008800821745157765,-0.0008119795303547212,-0.12537110538536103,-0.011555731735886294,-0.00024177244722869485,0.0007938493754746219,0.006623005755946053,0.033095819839736446,0.214650443769616,0.078641821377795,0.01977676969969327,0.0023515856743970046,0.0003250981100569817,0.00016741013750677718,-0.0012095082711605176,0.01567829039865383,-0.0003202533327957075,-0.007090275371691064,-0.001541924891061341,-0.0001814314910250591,0.00021921702202719464,-0.0012851011801976126,0.0017999703970389767,0.000770208350784524,0.002955262581604829,0.0006452850132408563,0.42138158654109503,5.970179019689211,0.30721447633310855,0.03450379691153793,0.0
0.16356293995603452,0.011625931641782637,0.0004191839931496944,0.0016961169758452751,0.006270894063604234,0.03638788148800576,0.1668022030940656,-0.10638517153788049,-0.021465787928260937,-0.0018479623055610431,0.00030952389716520196,0.000543109579106223,-9.318641727508731e-05,0.01591195225592086,0.025566473630087433,0.003726135857835633,0.002314783977390694,7.746053130001553e-05,0.0002080764522947068,-0.00097660560015389,0.0005141078096506313,-0.0007949618755075427,-0.0008800821745157765,-0.0008119795303547212,-0.12537110538536103,-0.011555731735886294,-0.00024177244722869485,0.0007938493754746219,0.006623005755946053,0.033095819839736446,0.214650443769616,0.078641821377795,0.01977676969969327,0.0023515856743970046,0.0003250981100569817,0.00016741013750677718,-0.0012095082711605176,0.01567829039865383,-0.0003202533327957075,-0.007090275371691064,-0.001541924891061341,-0.0001814314910250591,0.00021921702202719464,-0.0012851011801976126,0.0017999703970389767,0.000770208350784524,0.002955262581604829,0.0006452850132408563,0.4214011390827542,5.969885942343636,0.3071624340214535,0.03448812669726468,0.0
0.16356293995603452,0.011625931641782637,0.0004191839931496944,0.0016961169758452751,0.006270894063604234,0.03638788148800576,0.16678552454161144,-0.10638517153788049,-0.02146364134946811,-0.0018479623055610431,0.00030952389716520196,0.000543109579106223,-9.318641727508731e-05,0.01591195225592086,0.025566473630087433,0.003726135857835633,0.002314783977390694,7.746053130001553e-05,0.0002080764522947068,-0.00097660560015389,0.0005141078096506313,-0.0007949618755075427,-0.0008800821745157765,-0.0008119795303547212,-0.12537110538536103,-0.011555731735886294,-0.00024177244722869485,0.0007938493754746219,0.006623005755946053,0.033095819839736446,0.214650443769616,0.078641821377795,0.01977676969969327,0.0023515856743970046,0.0003250981100569817,0.00016741013750677718,-0.0012095082711605176,0.01567829039865383,-0.0003202533327957075,-0.007090275371691064,-0.001541924891061341,-0.0001814314910250591,0.00021921702202719464,-0.0012851011801976126,0.0017999703970389767,0.000770208350784524,0.002955262581604829,0.0006452850132408563,0.4214141662412778,5.970214477411405,0.30706199001748624,0.03447629697593201,0.0
0.16356293995603452,0.011625931641782637,0.0004191839931496944,0.0016961169758452751,0.006270894063604234,0.03638788148800576,0.16678552454161144,-0.10638517153788049,-0.021465787928260937,-0.0018469623055610432,0.00030952389716520196,0.000543109579106223,-9.318641727508731e-05,0.01591195225592086,0.025566473630087433,0.003726135857835633,0.002314783977390694,7.746053130001553e-05,0.0002080764522947068,-0.00097660560015389,0.0005141078096506313,-0.0007949618755075427,-0.0008800821745157765,-0.0008119795303547212,-0.12537110538536103,-0.011555731735886294,-0.00024177244722869485,0.0007938493754746219,0.006623005755946053,0.033095819839736446,0.214650443769616,0.078641821377795,0.01977676969969327,0.0023515856743970046,0.0003250981100569817,0.00016741013750677718,-0.0012095082711605176,0.01567829039865383,-0.0003202533327957075,-0.007090275371691064,-0.001541924891061341,-0.0001814314910250591,0.00021921702202719464,-0.0012851011801976126,0.0017999703970389767,0.000770208350784524,0.002955262581604829,0.0006452850132408563,0.4214144549382399,5.970215626968408,0.30486845833674525,0.034495007159780676,0.0
0.16356293995603452,0.011625931641782637,0.0004191839931496944,0.0016961169758452751,0.006270894063604234,0.03638788148800576,0.16678552454161144,-0.10638517153788049,-0.021465787928260937,-0.0018479623055610431,0.000310523897165202,0.000543109579106223,-9.318641727508731e-05,0.01591195225592086,0.025566473630087433,0.003726135857835633,0.002314783977390694,7.746053130001553e-05,0.0002080764522947068,-0.00097660560015389,0.0005141078096506313,-0.0007949618755075427,-0.0008800821745157765,-0.0008119795303547212,-0.12537110538536103,-0.011555731735886294,-0.00024177244722869485,0.0007938493754746219,0.006623005755946053,0.033095819839736446,0.214650443769616,0.078641821377795,0.01977676969969327,0.0023515856743970046,0.0003250981100569817,0.00016741013750677718,-0.0012095082711605176,0.01567829039865383,-0.0003202533327957075,-0.007090275371691064,-0.001541924891061341,-0.0001814314910250591,0.00021921702202719464,-0.0012851011801976126,0.0017999703970389767,0.000770208350784524,0.002955262581604829,0.0006452850132408563,0.42141441710356403,5.970215482695145,0.3049147941534504,0.03447130173918039,0.0
0.16356293995603452,0.011625931641782637,0.0004191839931496944,0.0016961169758452751,0.006270894063604234,0.03638788148800576,0.16678552454161144,-0.10638517153788049,-0.021465787928260937,-0.0018479623055610431,0.00030952389716520196,0.000544109579106223,-9.318641727508731e-05,0.01591195225592086,0.025566473630087433,0.003726135857835633,0.002314783977390694,7.746053130001553e-05,0.0002080764522947068,-0.00097660560015389,0.0005141078096506313,-0.0007949618755075427,-0.0008800821745157765,-0.0008119795303547212,-0.12537110538536103,-0.011555731735886294,-0.00024177244722869485,0.0007938493754746219,0.006623005755946053,0.033095819839736446,0.214650443769616,0.078641821377795,0.01977676969969327,0.0023515856743970046,0.0003250981100569817,0.00016741013750677718,-0.0012095082711605176,0.01567829039865383,-0.0003202533327957075,-0.007090275371691064,-0.001541924891061341,-0.0001814314910250591,0.00021921702202719464,-0.0012851011801976126,0.0017999703970389767,0.000770208350784524,0.002955262581604829,0.0006452850132408563,0.4214144327290451,5.97021584846019,0.3049352478752258,0.03446185078163467,0.0
0.16356293995603452,0.011625931641782637,0.0004191839931496944,0.0016961169758452751,0.006270894063604234,0.03638788148800576,0.16678552454161144,-0.10638517153788049,-0.021465787928260937,-0.0018479623055610431,0.00030952389716520196,0.000543109579106223,-9.218641727508731e-05,0.01591195225592086,0.025566473630087433,0.003726135857835633,0.002314783977390694,7.746053130001553e-05,0.0002080764522947068,-0.00097660560015389,0.0005141078096506313,-0.0007949618755075427,-0.0008800821745157765,-0.0008119795303547212,-0.12537110538536103,-0.011555731735886294,-0.00024177244722869485,0.0007938493754746219,0.006623005755946053,0.033095819839736446,0.214650443769616,0.078641821377795,0.01977676969969327,0.0023515856743970046,0.0003250981100569817,0.00016741013750677718,-0.0012095082711605176,0.01567829039865383,-0.0003202533327957075,-0.007090275371691064,-0.001541924891061341,-0.0001814314910250591,0.00021921702202719464,-0.0012851011801976126,0.0017999703970389767,0.000770208350784524,0.002955262581604829,0.0006452850132408563,0.42141451305770145,5.970217452797663,0.3049347903073968,0.0344562296410268,0.0
0.16356293995603452,0.011625931641782637,0.0004191839931496944,0.0016961169758452751,0.006270894063604234,0.03638788148800576,0.16678552454161144,-0.10638517153788049,-0.021465787928260937,-0.0018479623055610431,0.00030952389716520196,0.000543109579106223,-9.318641727508731e-05,0.015913543451146452,0.025566473630087433,0.003726135857835633,0.002314783977390694,7.746053130001553e-05,0.0002080764522947068,-0.00097660560015389,0.0005141078096506313,-0.0007949618755075427,-0.0008800821745157765,-0.0008119795303547212,-0.12537110538536103,-0.011555731735886294,-0.00024177244722869485,0.0007938493754746219,0.006623005755946053,0.033095819839736446,0.214650443769616,0.078641821377795,0.01977676969969327,0.0023515856743970046,0.0003250981100569817,0.00016741013750677718,-0.0012095082711605176,0.01567829039865383,-0.0003202533327957075,-0.007090275371691064,-0.001541924891061341,-0.0001814314910250591,0.00021921702202719464,-0.0012851011801976126,0.0017999703970389767,0.000770208350784524,0.002955262581604829,0.0006452850132408563,0.4214148469139978,5.970215851546539,0.30493536379632774,0.03445593674833681,0.0
0.16356293995603452,0.011625931641782637,0.0004191839931496944,0.0016961169758452751,0.006270894063604234,0.03638788148800576,0.16678552454161144,-0.10638517153788049,-0.021465787928260937,-0.0018479623055610431,0.00030952389716520196,0.000543109579106223,-9.318641727508731e-05,0.01591195225592086,0.02556903027745044,0.003726135857835633,0.002314783977390694,7.746053130001553e-05,0.0002080764522947068,-0.00097660560015389,0.0005141078096506313,-0.0007949618755075427,-0.0008800821745157765,-0.0008119795303547212,-0.12537110538536103,-0.011555731735886294,-0.00024177244722869485,0.0007938493754746219,0.006623005755946053,0.033095819839736446,0.214650443769616,0.078641821377795,0.01977676969969327,0.0023515856743970046,0.0003250981100569817,0.00016741013750677718,-0.0012095082711605176,0.01567829039865383,-0.0003202533327957075,-0.007090275371691064,-0.001541924891061341,-0.0001814314910250591,0.00021921702202719464,-0.0012851011801976126,0.0017999703970389767,0.000770208350784524,0.002955262581604829,0.0006452850132408563,0.4214168997471668,5.970213622206486,0.3049227686156361,0.03445667138601186,0.0
0.16356293995603452,0.011625931641782637,0.0004191839931496944,0.0016961169758452751,0.006270894063604234,0.03638788148800576,0.16678552454161144,-0.10638517153788049,-0.021465787928260937,-0.0018479623055610431,0.00030952389716520196,0.000543109579106223,-9.318641727508731e-05,0.01591195225592086,0.025566473630087433,0.003727135857835633,0.002314783977390694,7.746053130001553e-05,0.0002080764522947068,-0.00097660560015389,0.0005141078096506313,-0.0007949618755075427,-0.0008800821745157765,-0.0008119795303547212,-0.12537110538536103,-0.011555731735886294,-0.00024177244722869485,0.0007938493754746219,0.006623005755946053,0.033095819839736446,0.214650443769616,0.078641821377795,0.01977676969969327,0.0023515856743970046,0.0003250981100569817,0.00016741013750677718,-0.0012095082711605176,0.01567829039865383,-0.0003202533327957075,-0.007090275371691064,-0.001541924891061341,-0.0001814314910250591,0.00021921702202719464,-0.0012851011801976126,0.0017999703970389767,0.000770208350784524,0.002955262581604829,0.0006452850132408563,0.42141408273598147,5.970216061040165,0.30492104966165634,0.03445501258295563,0.0
0.16356293995603452,0.011625931641782637,0.0004191839931496944,0.0016961169758452751,0.006270894063604234,0.03638788148800576,0.16678552454161144,-0.10638517153788049,-0.021465787928260937,-0.0018479623055610431,0.00030952389716520196,0.000543109579106223,-9.318641727508731e-05,0.01591195225592086,0.025566473630087433,0.003726135857835633,0.002314783977390694,7.846053130001553e-05,0.0002080764522947068,-0.00097660560015389,0.0005141078096506313,-0.0007949618755075427,-0.0008800821745157765,-0.0008119795303547212,-0.12537110538536103,-0.011555731735886294,-0.00024177244722869485,0.0007938493754746219,0.006623005755946053,0.033095819839736446,0.214650443769616,0.078641821377795,0.01977676969969327,0.0023515856743970046,0.0003250981100569817,0.00016741013750677718,-0.0012095082711605176,0.01567829039865383,-0.0003202533327957075,-0.007090275371691064,-0.001541924891061341,-0.0001814314910250591,0.00021921702202719464,-0.0012851011801976126,0.0017999703970389767,0.000770208350784524,0.002955262581604829,0.0006452850132408563,0.4214143472230586,5.970215548810871,0.30491564374440006,0.034460416171903555,0.0
0.16356293995603452,0.011625931641782637,0.0004191839931496944,0.0016961169758452751,0.006270894063604234,0.03638788148800576,0.16678552454161144,-0.10638517153788049,-0.021465787928260937,-0.0018479623055610431,0.00030952389716520196,0.000543109579106223,-9.318641727508731e-05,0.01591195225592086,0.025566473630087433,0.003726135857835633,0.002315783977390694,7.746053130001553e-05,0.0002080764522947068,-0.00097660560015389,0.0005141078096506313,-0.0007949618755075427,-0.0008800821745157765,-0.0008119795303547212,-0.12537110538536103,-0.011555731735886294,-0.00024177244722869485,0.0007938493754746219,0.006623005755946053,0.033095819839736446,0.214650443769616,0.078641821377795,0.01977676969969327,0.0023515856743970046,0.0003250981100569817,0.00016741013750677718,-0.0012095082711605176,0.01567829039865383,-0.0003202533327957075,-0.007090275371691064,-0.001541924891061341,-0.0001814314910250591,0.00021921702202719464,-0.0012851011801976126,0.0017999703970389767,0.000770208350784524,0.002955262581604829,0.0006452850132408563,0.42141423158070346,5.970215204120712,0.30490938666445166,0.034458259484912136,0.0
0.16356293995603452,0.011625931641782637,0.0004191839931496944,0.0016961169758452751,0.006270894063604234,0.03638788148800576,0.16678552454161144,-0.10638517153788049,-0.021465787928260937,-0.0018479623055610431,0.00030952389716520196,0.000543109579106223,-9.318641727508731e-05,0.01591195225592086,0.025566473630087433,0.003726135857835633,0.002314783977390694,7.746053130001553e-05,0.0002080764522947068,-0.0009756056001538901,0.0005141078096506313,-0.0007949618755075427,-0.0008800821745157765,-0.0008119795303547212,-0.12537110538536103,-0.011555731735886294,-0.00024177244722869485,0.0007938493754746219,0.006623005755946053,0.033095819839736446,0.214650443769616,0.078641821377795,0.01977676969969327,0.0023515856743970046,0.0003250981100569817,0.00016741013750677718,-0.0012095082711605176,0.01567829039865383,-0.0003202533327957075,-0.007090275371691064,-0.001541924891061341,-0.0001814314910250591,0.00021921702202719464,-0.0012851011801976126,0.0017999703970389767,0.000770208350784524,0.002955262581604829,0.0006452850132408563,0.42141422270576057,5.970216115468532,0.3049278827105625,0.03445809622379354,0.0
0.16356293995603452,0.011625931641782637,0.0004191839931496944,0.0016961169758452751,0.006270894063604234,0.03638788148800576,0.16678552454161144,-0.10638517153788049,-0.021465787928260937,-0.0018479623055610431,0.00030952389716520196,0.000543109579106223,-9.318641727508731e-05,0.01591195225592086,0.025566473630087433,0.003726135857835633,0.002314783977390694,7.746053130001553e-05,0.0002090764522947068,-0.00097660560015389,0.0005141078096506313,-0.0007949618755075427,-0.0008800821745157765,-0.0008119795303547212,-0.12537110538536103,-0.011555731735886294,-0.00024177244722869485,0.0007938493754746219,0.006623005755946053,0.033095819839736446,0.214650443769616,0.078641821377795,0.01977676969969327,0.0023515856743970046,0.0003250981100569817,0.00016741013750677718,-0.0012095082711605176,0.01567829039865383,-0.0003202533327957075,-0.007090275371691064,-0.001541924891061341,-0.0001814314910250591,0.00021921702202719464,-0.0012851011801976126,0.0017999703970389767,0.000770208350784524,0.002955262581604829,0.0006452850132408563,0.4214143658518657,5.97021535729626,0.30491866744389723,0.03445868596422564,0.0
0.16356293995603452,0.011625931641782637,0.0004191839931496944,0.0016961169758452751,0.006270894063604234,0.03638788148800576,0.16678552454161144,-0.10638517153788049,-0.021465787928260937,-0.0018479623055610431,0.00030952389716520196,0.000543109579106223,-9.318641727508731e-05,0.01591195225592086,0.025566473630087433,0.003726135857835633,0.002314783977390694,7.746053130001553e-05,0.0002080764522947068,-0.00097660560015389,0.0005141078096506313,-0.0007939618755075427,-0.0008800821745157765,-0.0008119795303547212,-0.12537110538536103,-0.011555731735886294,-0.00024177244722869485,0.0007938493754746219,0.006623005755946053,0.033095819839736446,0.214650443769616,0.078641821377795,0.01977676969969327,0.0023515856743970046,0.0003250981100569817,0.00016741013750677718,-0.0012095082711605176,0.01567829039865383,-0.0003202533327957075,-0.007090275371691064,-0.001541924891061341,-0.0001814314910250591,0.00021921702202719464,-0.0012851011801976126,0.0017999703970389767,0.000770208350784524,0.002955262581604829,0.0006452850132408563,0.4214106414220544,5.970215754114489,0.3049420082957322,0.03445673322686743,0.0
0.16356293995603452,0.011625931641782637,0.0004191839931496944,0.0016961169758452751,0.006270894063604234,0.03638788148800576,0.16678552454161144,-0.10638517153788049,-0.021465787928260937,-0.0018479623055610431,0.00030952389716520196,0.000543109579106223,-9.318641727508731e-05,0.01591195225592086,0.025566473630087433,0.003726135857835633,0.002314783977390694,7.746053130001553e-05,0.0002080764522947068,-0.00097660560015389,0.0005151078096506314,-0.0007949618755075427,-0.0008800821745157765,-0.0008119795303547212,-0.12537110538536103,-0.011555731735886294,-0.00024177244722869485,0.0007938493754746219,0.006623005755946053,0.033095819839736446,0.214650443769616,0.078641821377795,0.01977676969969327,0.0023515856743970046,0.0003250981100569817,0.00016741013750677718,-0.0012095082711605176,0.01567829039865383,-0.0003202533327957075,-0.007090275371691064,-0.001541924891061341,-0.0001814314910250591,0.00021921702202719464,-0.0012851011801976126,0.0017999703970389767,0.000770208350784524,0.002955262581604829,0.0006452850132408563,0.42141412645297194,5.970215863287633,0.30493162018619513,0.034456585203697446,0.0
0.16356293995603452,0.011625931641782637,0.0004191839931496944,0.0016961169758452751,0.006270894063604234,0.03638788148800576,0.16678552454161144,-0.10638517153788049,-0.021465787928260937,-0.0018479623055610431,0.00030952389716520196,0.000543109579106223,-9.318641727508731e-05,0.01591195225592086,0.025566473630087433,0.003726135857835633,0.002314783977390694,7.746053130001553e-05,0.0002080764522947068,-0.00097660560015389,0.0005141078096506313,-0.0007949618755075427,-0.0008800821745157765,-0.0008109795303547212,-0.12537110538536103,-0.011555731735886294,-0.00024177244722869485,0.0007938493754746219,0.006623005755946053,0.033095819839736446,0.214650443769616,0.078641821377795,0.01977676969969327,0.0023515856743970046,0.0003250981100569817,0.00016741013750677718,-0.0012095082711605176,0.01567829039865383,-0.0003202533327957075,-0.007090275371691064,-0.001541924891061341,-0.0001814314910250591,0.00021921702202719464,-0.0012851011801976126,0.0017999703970389767,0.000770208350784524,0.002955262581604829,0.0006452850132408563,0.42141416237183577,5.970215639529141,0.3049155208221208,0.034458655784733755,0.0
0.16356293995603452,0.011625931641782637,0.0004191839931496944,0.0016961169758452751,0.006270894063604234,0.03638788148800576,0.16678552454161144,-0.10638517153788049,-0.021465787928260937,-0.0018479623055610431,0.00030952389716520196,0.000543109579106223,-9.318641727508731e-05,0.01591195225592086,0.025566473630087433,0.003726135857835633,0.002314783977390694,7.746053130001553e-05,0.0002080764522947068,-0.00097660560015389,0.0005141078096506313,-0.0007949618755075427,-0.0008790821745157765,-0.0008119795303547212,-0.12537110538536103,-0.011555731735886294,-0.00024177244722869485,0.0007938493754746219,0.006623005755946053,0.033095819839736446,0.214650443769616,0.078641821377795,0.01977676969969327,0.0023515856743970046,0.0003250981100569817,0.00016741013750677718,-0.0012095082711605176,0.01567829039865383,-0.0003202533327957075,-0.007090275371691064,-0.001541924891061341,-0.0001814314910250591,0.00021921702202719464,-0.0012851011801976126,0.0017999703970389767,0.000770208350784524,0.002955262581604829,0.0006452850132408563,0.4214119542791779,5.970214605535608,0.3049363093101354,0.034456099360872613,0.0
0.16356293995603452,0.011625931641782637,0.0004191839931496944,0.0016961169758452751,0.006270894063604234,0.03638788148800576,0.16678552454161144,-0.10638517153788049,-0.021465787928260937,-0.0018479623055610431,0.00030952389716520196,0.000543109579106223,-9.318641727508731e-05,0.01591195225592086,0.025566473630087433,0.003726135857835633,0.002314783977390694,7.746053130001553e-05,0.0002080764522947068,-0.00097660560015389,0.0005141078096506313,-0.0007949618755075427,-0.0008800821745157765,-0.0008119795303547212,-0.12537110538536103,-0.011554576162712705,-0.00024177244722869485,0.0007938493754746219,0.006623005755946053,0.033095819839736446,0.214650443769616,0.078641821377795,0.01977676969969327,0.0023515856743970046,0.0003250981100569817,0.00016741013750677718,-0.0012095082711605176,0.01567829039865383,-0.0003202533327957075,-0.007090275371691064,-0.001541924891061341,-0.0001814314910250591,0.00021921702202719464,-0.0012851011801976126,0.0017999703970389767,0.000770208350784524,0.002955262581604829,0.0006452850132408563,0.4214144672235289,5.970215457952743,0.3049379288039537,0.03445949577267803,0.0
0.16356293995603452,0.011625931641782637,0.0004191839931496944,0.0016961169758452751,0.006270894063604234,0.03638788148800576,0.16678552454161144,-0.10638517153788049,-0.021465787928260937,-0.0018479623055610431,0.00030952389716520196,0.000543109579106223,-9.318641727508731e-05,0.01591195225592086,0.025566473630087433,0.003726135857835633,0.002314783977390694,7.746053130001553e-05,0.0002080764522947068,-0.00097660560015389,0.0005141078096506313,-0.0007949618755075427,-0.0008800821745157765,-0.0008119795303547212,-0.1253585682748225,-0.011555731735886294,-0.00024177244722869485,0.0007938493754746219,0.006623005755946053,0.033095819839736446,0.214650443769616,0.078641821377795,0.01977676969969327,0.0023515856743970046,0.0003250981100569817,0.00016741013750677718,-0.0012095082711605176,0.01567829039865383,-0.0003202533327957075,-0.007090275371691064,-0.001541924891061341,-0.0001814314910250591,0.00021921702202719464,-0.0012851011801976126,0.0017999703970389767,0.000770208350784524,0.002955262581604829,0.0006452850132408563,0.4214129965569166,5.970215457952743,0.3049197144675954,0.03445851038074947,0.0
0.16356293995603452,0.011625931641782637,0.0004191839931496944,0.0016961169758452751,0.006270894063604234,0.03638788148800576,0.16678552454161144,-0.10638517153788049,-0.021465787928260937,-0.0018479623055610431,0.00030952389716520196,0.000543109579106223,-9.318641727508731e-05,0.01591195225592086,0.025566473630087433,0.003726135857835633,0.002314783977390694,7.746053130001553e-05,0.0002080764522947068,-0.00097660560015389,0.0005141078096506313,-0.0007949618755075427,-0.0008800821745157765,-0.0008119795303547212,-0.12537110538536103,-0.011555731735886294,-0.00024177244722869485,0.0007948493754746219,0.006623005755946053,0.033095819839736446,0.214650443769616,0.078641821377795,0.01977676969969327,0.0023515856743970046,0.0003250981100569817,0.00016741013750677718,-0.0012095082711605176,0.01567829039865383,-0.0003202533327957075,-0.007090275371691064,-0.001541924891061341,-0.0001814314910250591,0.00021921702202719464,-0.0012851011801976126,0.0017999703970389767,0.000770208350784524,0.002955262581604829,0.0006452850132408563,0.42141442701284404,5.970215430922829,0.3049418618778055,0.03447455584926773,0.0
0.16356293995603452,0.011625931641782637,0.0004191839931496944,0.0016961169758452751,0.006270894063604234,0.03638788148800576,0.16678552454161144,-0.10638517153788049,-0.021465787928260937,-0.0018479623055610431,0.00030952389716520196,0.000543109579106223,-9.318641727508731e-05,0.01591195225592086,0.025566473630087433,0.003726135857835633,0.002314783977390694,7.746053130001553e-05,0.0002080764522947068,-0.00097660560015389,0.0005141078096506313,-0.0007949618755075427,-0.0008800821745157765,-0.0008119795303547212,-0.12537110538536103,-0.011555731735886294,-0.00024077244722869485,0.0007938493754746219,0.006623005755946053,0.033095819839736446,0.214650443769616,0.078641821377795,0.01977676969969327,0.0023515856743970046,0.0003250981100569817,0.00016741013750677718,-0.0012095082711605176,0.01567829039865383,-0.0003202533327957075,-0.007090275371691064,-0.001541924891061341,-0.0001814314910250591,0.00021921702202719464,-0.0012851011801976126,0.0017999703970389767,0.000770208350784524,0.002955262581604829,0.0006452850132408563,0.4214143832211911,5.970215457952743,0.30493011955442517,0.03445647899231084,0.0
0.16356293995603452,0.011625931641782637,0.0004191839931496944,0.0016961169758452751,0.006270894063604234,0.03638788148800576,0.16678552454161144,-0.10638517153788049,-0.021465787928260937,-0.0018479623055610431,0.00030952389716520196,0.000543109579106223,-9.318641727508731e-05,0.01591195225592086,0.025566473630087433,0.003726135857835633,0.002314783977390694,7.746053130001553e-05,0.0002080764522947068,-0.00097660560015389,0.0005141078096506313,-0.0007949618755075427,-0.0008800821745157765,-0.0008119795303547212,-0.12537110538536103,-0.011555731735886294,-0.00024177244722869485,0.0007938493754746219,0.006623005755946053,0.03309912942172042,0.214650443769616,0.078641821377795,0.01977676969969327,0.0023515856743970046,0.0003250981100569817,0.00016741013750677718,-0.0012095082711605176,0.01567829039865383,-0.0003202533327957075,-0.007090275371691064,-0.001541924891061341,-0.0001814314910250591,0.00021921702202719464,-0.0012851011801976126,0.0017999703970389767,0.000770208350784524,0.002955262581604829,0.0006452850132408563,0.4214143658168319,5.97021111228687,0.3050180072805453,0.03444699770511904,0.0
0.16356293995603452,0.011625931641782637,0.0004191839931496944,0.0016961169758452751,0.006270894063604234,0.03638788148800576,0.16678552454161144,-0.10638517153788049,-0.021465787928260937,-0.0018479623055610431,0.00030952389716520196,0.000543109579106223,-9.318641727508731e-05,0.01591195225592086,0.025566473630087433,0.003726135857835633,0.002314783977390694,7.746053130001553e-05,0.0002080764522947068,-0.00097660560015389,0.0005141078096506313,-0.0007949618755075427,-0.0008800821745157765,-0.0008119795303547212,-0.12537110538536103,-0.011555731735886294,-0.00024177244722869485,0.0007938493754746219,0.006624005755946053,0.033095819839736446,0.214650443769616,0.078641821377795,0.01977676969969327,0.0023515856743970046,0.0003250981100569817,0.00016741013750677718,-0.0012095082711605176,0.01567829039865383,-0.0003202533327957075,-0.007090275371691064,-0.001541924891061341,-0.0001814314910250591,0.00021921702202719464,-0.0012851011801976126,0.0017999703970389767,0.000770208350784524,0.002955262581604829,0.0006452850132408563,0.4214144017900405,5.970215596865506,0.3049218564354511,0.03443996408423906,0.0
0.16356293995603452,0.011625931641782637,0.0004191839931496944,0.0016961169758452751,0.006270894063604234,0.03638788148800576,0.16678552454161144,-0.10638517153788049,-0.021465787928260937,-0.0018479623055610431,0.00030952389716520196,0.000543109579106223,-9.318641727508731e-05,0.01591195225592086,0.025566473630087433,0.003726135857835633,0.002314783977390694,7.746053130001553e-05,0.0002080764522947068,-0.00097660560015389,0.0005141078096506313,-0.0007949618755075427,-0.0008800821745157765,-0.0008119795303547212,-0.12537110538536103,-0.011555731735886294,-0.00024177244722869485,0.0007938493754746219,0.006623005755946053,0.033095819839736446,0.214650443769616,0.07864968555993278,0.01977676969969327,0.0023515856743970046,0.0003250981100569817,0.00016741013750677718,-0.0012095082711605176,0.01567829039865383,-0.0003202533327957075,-0.007090275371691064,-0.001541924891061341,-0.0001814314910250591,0.00021921702202719464,-0.0012851011801976126,0.0017999703970389767,0.000770208350784524,0.002955262581604829,0.0006452850132408563,0.4214354315093555,5.97032755657622,0.3048600374918455,0.03448508154476236,0.0
0.16356293995603452,0.011625931641782637,0.0004191839931496944,0.0016961169758452751,0.006270894063604234,0.03638788148800576,0.16678552454161144,-0.10638517153788049,-0.021465787928260937,-0.0018479623055610431,0.00030952389716520196,0.000543109579106223,-9.318641727508731e-05,0.01591195225592086,0.025566473630087433,0.003726135857835633,0.002314783977390694,7.746053130001553e-05,0.0002080764522947068,-0.00097660560015389,0.0005141078096506313,-0.0007949618755075427,-0.0008800821745157765,-0.0008119795303547212,-0.12537110538536103,-0.011555731735886294,-0.00024177244722869485,0.0007938493754746219,0.006623005755946053,0.033095819839736446,0.21467190881399298,0.078641821377795,0.01977676969969327,0.0023515856743970046,0.0003250981100569817,0.00016741013750677718,-0.0012095082711605176,0.01567829039865383,-0.0003202533327957075,-0.007090275371691064,-0.001541924891061341,-0.0001814314910250591,0.00021921702202719464,-0.0012851011801976126,0.0017999703970389767,0.000770208350784524,0.002955262581604829,0.0006452850132408563,0.42136919956963503,5.96980864470574,0.30498036107779325,0.03442383750819872,0.0
0.16356293995603452,0.011625931641782637,0.0004191839931496944,0.0016961169758452751,0.006270894063604234,0.03638788148800576,0.16678552454161144,-0.10638517153788049,-0.021465787928260937,-0.0018479623055610431,0.00030952389716520196,0.000543109579106223,-9.318641727508731e-05,0.01591195225592086,0.025566473630087433,0.003726135857835633,0.002314783977390694,7.746053130001553e-05,0.0002080764522947068,-0.00097660560015389,0.0005141078096506313,-0.0007949618755075427,-0.0008800821745157765,-0.0008119795303547212,-0.12537110538536103,-0.011555731735886294,-0.00024177244722869485,0.0007938493754746219,0.006623005755946053,0.033095819839736446,0.214650443769616,0.078641821377795,0.01977676969969327,0.0023525856743970047,0.0003250981100569817,0.00016741013750677718,-0.0012095082711605176,0.01567829039865383,-0.0003202533327957075,-0.007090275371691064,-0.001541924891061341,-0.0001814314910250591,0.00021921702202719464,-0.0012851011801976126,0.0017999703970389767,0.000770208350784524,0.002955262581604829,0.0006452850132408563,0.4214144209322312,5.970215244388532,0.3049284878235171,0.03448520498883957,0.0
0.16356293995603452,0.011625931641782637,0.0004191839931496944,0.0016961169758452751,0.006270894063604234,0.03638788148800576,0.16678552454161144,-0.10638517153788049,-0.021465787928260937,-0.0018479623055610431,0.00030952389716520196,0.000543109579106223,-9.318641727508731e-05,0.01591195225592086,0.025566473630087433,0.003726135857835633,0.002314783977390694,7.746053130001553e-05,0.0002080764522947068,-0.00097660560015389,0.0005141078096506313,-0.0007949618755075427,-0.0008800821745157765,-0.0008119795303547212,-0.12537110538536103,-0.011555731735886294,-0.00024177244722869485,0.0007938493754746219,0.006623005755946053,0.033095819839736446,0.214650443769616,0.078641821377795,0.01977874737666324,0.0023515856743970046,0.0003250981100569817,0.00016741013750677718,-0.0012095082711605176,0.01567829039865383,-0.0003202533327957075,-0.007090275371691064,-0.001541924891061341,-0.0001814314910250591,0.00021921702202719464,-0.0012851011801976126,0.0017999703970389767,0.000770208350784524,0.002955262581604829,0.0006452850132408563,0.4214149947782495,5.97021704469066,0.30483946875952866,0.03447039491453805,0.0
0.16356293995603452,0.011625931641782637,0.0004191839931496944,0.0016961169758452751,0.006270894063604234,0.03638788148800576,0.16678552454161144,-0.10638517153788049,-0.021465787928260937,-0.0018479623055610431,0.00030952389716520196,0.000543109579106223,-9.318641727508731e-05,0.01591195225592086,0.025566473630087433,0.003726135857835633,0.002314783977390694,7.746053130001553e-05,0.0002080764522947068,-0.00097660560015389,0.0005141078096506313,-0.0007949618755075427,-0.0008800821745157765,-0.0008119795303547212,-0.12537110538536103,-0.011555731735886294,-0.00024177244722869485,0.0007938493754746219,0.006623005755946053,0.033095819839736446,0.214650443769616,0.078641821377795,0.01977676969969327,0.0023515856743970046,0.0003250981100569817,0.00016841013750677717,-0.0012095082711605176,0.01567829039865383,-0.0003202533327957075,-0.007090275371691064,-0.001541924891061341,-0.0001814314910250591,0.00021921702202719464,-0.0012851011801976126,0.0017999703970389767,0.000770208350784524,0.002955262581604829,0.0006452850132408563,0.4214144636147714,5.970215731817595,0.30494075290580425,0.03446267635060399,0.0
0.16356293995603452,0.011625931641782637,0.0004191839931496944,0.0016961169758452751,0.006270894063604234,0.03638788148800576,0.16678552454161144,-0.10638517153788049,-0.021465787928260937,-0.0018479623055610431,0.00030952389716520196,0.000543109579106223,-9.318641727508731e-05,0.01591195225592086,0.025566473630087433,0.003726135857835633,0.002314783977390694,7.746053130001553e-05,0.0002080764522947068,-0.00097660560015389,0.0005141078096506313,-0.0007949618755075427,-0.0008800821745157765,-0.0008119795303547212,-0.12537110538536103,-0.011555731735886294,-0.00024177244722869485,0.0007938493754746219,0.006623005755946053,0.033095819839736446,0.214650443769616,0.078641821377795,0.01977676969969327,0.0023515856743970046,0.00032609811005698174,0.00016741013750677718,-0.0012095082711605176,0.01567829039865383,-0.0003202533327957075,-0.007090275371691064,-0.001541924891061341,-0.0001814314910250591,0.00021921702202719464,-0.0012851011801976126,0.0017999703970389767,0.000770208350784524,0.002955262581604829,0.0006452850132408563,0.42141438367236267,5.970215519054036,0.3048947156753828,0.03446884280378095,0.0
0.16356293995603452,0.011625931641782637,0.0004191839931496944,0.0016961169758452751,0.006270894063604234,0.03638788148800576,0.16678552454161144,-0.10638517153788049,-0.021465787928260937,-0.0018479623055610431,0.00030952389716520196,0.000543109579106223,-9.318641727508731e-05,0.01591195225592086,0.025566473630087433,0.003726135857835633,0.002314783977390694,7.746053130001553e-05,0.0002080764522947068,-0.00097660560015389,0.0005141078096506313,-0.0007949618755075427,-0.0008800821745157765,-0.0008119795303547212,-0.12537110538536103,-0.011555731735886294,-0.00024177244722869485,0.0007938493754746219,0.006623005755946053,0.033095819839736446,0.214650443769616,0.078641821377795,0.01977676969969327,0.0023515856743970046,0.0003250981100569817,0.00016741013750677718,-0.0012095082711605176,0.015679858227693695,-0.0003202533327957075,-0.007090275371691064,-0.001541924891061341,-0.0001814314910250591,0.00021921702202719464,-0.0012851011801976126,0.0017999703970389767,0.000770208350784524,0.002955262581604829,0.0006452850132408563,0.4214145959249865,5.970214760665865,0.30493271711990383,0.03445819112074212,0.0
0.16356293995603452,0.011625931641782637,0.0004191839931496944,0.0016961169758452751,0.006270894063604234,0.03638788148800576,0.16678552454161144,-0.10638517153788049,-0.021465787928260937,-0.0018479623055610431,0.00030952389716520196,0.000543109579106223,-9.318641727508731e-05,0.01591195225592086,0.025566473630087433,0.003726135857835633,0.002314783977390694,7.746053130001553e-05,0.0002080764522947068,-0.00097660560015389,0.0005141078096506313,-0.0007949618755075427,-0.0008800821745157765,-0.0008119795303547212,-0.12537110538536103,-0.011555731735886294,-0.00024177244722869485,0.0007938493754746219,0.006623005755946053,0.033095819839736446,0.214650443769616,0.078641821377795,0.01977676969969327,0.0023515856743970046,0.0003250981100569817,0.00016741013750677718,-0.0012085082711605177,0.01567829039865383,-0.0003202533327957075,-0.007090275371691064,-0.001541924891061341,-0.0001814314910250591,0.00021921702202719464,-0.0012851011801976126,0.0017999703970389767,0.000770208350784524,0.002955262581604829,0.0006452850132408563,0.4214145640774018,5.970217160335696,0.30491424481033425,0.034456612717420204,0.0
0.16356293995603452,0.011625931641782637,0.0004191839931496944,0.0016961169758452751,0.006270894063604234,0.03638788148800576,0.16678552454161144,-0.10638517153788049,-0.021465787928260937,-0.0018479623055610431,0.00030952389716520196,0.000543109579106223,-9.318641727508731e-05,0.01591195225592086,0.025566473630087433,0.003726135857835633,0.002314783977390694,7.746053130001553e-05,0.0002080764522947068,-0.00097660560015389,0.0005141078096506313,-0.0007949618755075427,-0.0008800821745157765,-0.0008119795303547212,-0.12537110538536103,-0.011555731735886294,-0.00024177244722869485,0.0007938493754746219,0.006623005755946053,0.033095819839736446,0.214650443769616,0.078641821377795,0.01977676969969327,0.0023515856743970046,0.0003250981100569817,0.00016741013750677718,-0.0012095082711605176,0.01567829039865383,-0.0003202533327957075,-0.007089275371691064,-0.001541924891061341,-0.0001814314910250591,0.00021921702202719464,-0.0012851011801976126,0.0017999703970389767,0.000770208350784524,0.002955262581604829,0.0006452850132408563,0.42141400272636376,5.970216039011296,0.3049281170017083,0.03445641673642282,0.0
0.16356293995603452,0.011625931641782637,0.0004191839931496944,0.0016961169758452751,0.006270894063604234,0.03638788148800576,0.16678552454161144,-0.10638517153788049,-0.021465787928260937,-0.0018479623055610431,0.00030952389716520196,0.000543109579106223,-9.318641727508731e-05,0.01591195225592086,0.025566473630087433,0.003726135857835633,0.002314783977390694,7.746053130001553e-05,0.0002080764522947068,-0.00097660560015389,0.0005141078096506313,-0.0007949618755075427,-0.0008800821745157765,-0.0008119795303547212,-0.12537110538536103,-0.011555731735886294,-0.00024177244722869485,0.0007938493754746219,0.006623005755946053,0.033095819839736446,0.214650443769616,0.078641821377795,0.01977676969969327,0.0023515856743970046,0.0003250981100569817,0.00016741013750677718,-0.0012095082711605176,0.01567829039865383,-0.00031925333279570747,-0.007090275371691064,-0.001541924891061341,-0.0001814314910250591,0.00021921702202719464,-0.0012851011801976126,0.0017999703970389767,0.000770208350784524,0.002955262581604829,0.0006452850132408563,0.4214149822262726,5.970206866416687,0.3049267805422478,0.034456847355137175,0.0
0.16356293995603452,0.011625931641782637,0.0004191839931496944,0.0016961169758452751,0.006270894063604234,0.03638788148800576,0.16678552454161144,-0.10638517153788049,-0.021465787928260937,-0.0018479623055610431,0.00030952389716520196,0.000543109579106223,-9.318641727508731e-05,0.01591195225592086,0.025566473630087433,0.003726135857835633,0.002314783977390694,7.746053130001553e-05,0.0002080764522947068,-0.00097660560015389,0.0005141078096506313,-0.0007949618755075427,-0.0008800821745157765,-0.0008119795303547212,-0.12537110538536103,-0.011555731735886294,-0.00024177244722869485,0.0007938493754746219,0.006623005755946053,0.033095819839736446,0.214650443769616,0.078641821377795,0.01977676969969327,0.0023515856743970046,0.0003250981100569817,0.00016741013750677718,-0.0012095082711605176,0.01567829039865383,-0.0003202533327957075,-0.007090275371691064,-0.001541924891061341,-0.0001804314910250591,0.00021921702202719464,-0.0012851011801976126,0.0017999703970389767,0.000770208350784524,0.002955262581604829,0.0006452850132408563,0.4214144303497143,5.970215470524907,0.3049500969670797,0.03445821252258317,0.0
0.16356293995603452,0.011625931641782637,0.0004191839931496944,0.0016961169758452751,0.006270894063604234,0.03638788148800576,0.16678552454161144,-0.10638517153788049,-0.021465787928260937,-0.0018479623055610431,0.00030952389716520196,0.000543109579106223,-9.318641727508731e-05,0.01591195225592086,0.025566473630087433,0.003726135857835633,0.002314783977390694,7.746053130001553e-05,0.0002080764522947068,-0.00097660560015389,0.0005141078096506313,-0.0007949618755075427,-0.0008800821745157765,-0.0008119795303547212,-0.12537110538536103,-0.011555731735886294,-0.00024177244722869485,0.0007938493754746219,0.006623005755946053,0.033095819839736446,0.214650443769616,0.078641821377795,0.01977676969969327,0.0023515856743970046,0.0003250981100569817,0.00016741013750677718,-0.0012095082711605176,0.01567829039865383,-0.0003202533327957075,-0.007090275371691064,-0.0015409248910613412,-0.0001814314910250591,0.00021921702202719464,-0.0012851011801976126,0.0017999703970389767,0.000770208350784524,0.002955262581604829,0.0006452850132408563,0.42141460787375734,5.970215525241971,0.3049120890951443,0.03445957919876349,0.0
0.16356293995603452,0.011625931641782637,0.0004191839931496944,0.0016961169758452751,0.006270894063604234,0.03638788148800576,0.16678552454161144,-0.10638517153788049,-0.021465787928260937,-0.0018479623055610431,0.00030952389716520196,0.000543109579106223,-9.318641727508731e-05,0.01591195225592086,0.025566473630087433,0.003726135857835633,0.002314783977390694,7.746053130001553e-05,0.0002080764522947068,-0.00097660560015389,0.0005141078096506313,-0.0007949618755075427,-0.0008800821745157765,-0.0008119795303547212,-0.12537110538536103,-0.011555731735886294,-0.00024177244722869485,0.0007938493754746219,0.006623005755946053,0.033095819839736446,0.214650443769616,0.078641821377795,0.01977676969969327,0.0023515856743970046,0.0003250981100569817,0.00016741013750677718,-0.0012095082711605176,0.01567829039865383,-0.0003202533327957075,-0.007090275371691064,-0.001541924891061341,-0.0001814314910250591,0.00021921702202719464,-0.0012841011801976126,0.0017999703970389767,0.000770208350784524,0.002955262581604829,0.0006452850132408563,0.4214143764253926,5.970216009060281,0.30494483578761117,0.034456721099774684,0.0
0.16356293995603452,0.011625931641782637,0.0004191839931496944,0.0016961169758452751,0.006270894063604234,0.03638788148800576,0.16678552454161144,-0.10638517153788049,-0.021465787928260937,-0.0018479623055610431,0.00030952389716520196,0.000543109579106223,-9.318641727508731e-05,0.01591195225592086,0.025566473630087433,0.003726135857835633,0.002314783977390694,7.746053130001553e-05,0.0002080764522947068,-0.00097660560015389,0.0005141078096506313,-0.0007949618755075427,-0.0008800821745157765,-0.0008119795303547212,-0.12537110538536103,-0.011555731735886294,-0.00024177244722869485,0.0007938493754746219,0.006623005755946053,0.033095819839736446,0.214650443769616,0.078641821377795,0.01977676969969327,0.0023515856743970046,0.0003250981100569817,0.00016741013750677718,-0.0012095082711605176,0.01567829039865383,-0.0003202533327957075,-0.007090275371691064,-0.001541924891061341,-0.0001814314910250591,0.00022021702202719464,-0.0012851011801976126,0.0017999703970389767,0.000770208350784524,0.002955262581604829,0.0006452850132408563,0.42141436667641896,5.970215408856305,0.3049267805664492,0.034458291317614645,0.0
0.16356293995603452,0.011625931641782637,0.0004191839931496944,0.0016961169758452751,0.006270894063604234,0.03638788148800576,0.16678552454161144,-0.10638517153788049,-0.021465787928260937,-0.0018479623055610431,0.00030952389716520196,0.000543109579106223,-9.318641727508731e-05,0.01591195225592086,0.025566473630087433,0.003726135857835633,0.002314783977390694,7.746053130001553e-05,0.0002080764522947068,-0.00097660560015389,0.0005141078096506313,-0.0007949618755075427,-0.0008800821745157765,-0.0008119795303547212,-0.12537110538536103,-0.011555731735886294,-0.00024177244722869485,0.0007938493754746219,0.006623005755946053,0.033095819839736446,0.214650443769616,0.078641821377795,0.01977676969969327,0.0023515856743970046,0.0003250981100569817,0.00016741013750677718,-0.0012095082711605176,0.01567829039865383,-0.0003202533327957075,-0.007090275371691064,-0.001541924891061341,-0.0001814314910250591,0.00021921702202719464,-0.0012851011801976126,0.0017999703970389767,0.000771208350784524,0.002955262581604829,0.0006452850132408563,0.4214109254181349,5.970216527881539,0.30494224275210124,0.03445655179501734,0.0
0.16356293995603452,0.011625931641782637,0.0004191839931496944,0.0016961169758452751,0.006270894063604234,0.03638788148800576,0.16678552454161144,-0.10638517153788049,-0.021465787928260937,-0.0018479623055610431,0.00030952389716520196,0.000543109579106223,-9.318641727508731e-05,0.01591195225592086,0.025566473630087433,0.003726135857835633,0.002314783977390694,7.746053130001553e-05,0.0002080764522947068,-0.00097660560015389,0.0005141078096506313,-0.0007949618755075427,-0.0008800821745157765,-0.0008119795303547212,-0.12537110538536103,-0.011555731735886294,-0.00024177244722869485,0.0007938493754746219,0.006623005755946053,0.033095819839736446,0.214650443769616,0.078641821377795,0.01977676969969327,0.0023515856743970046,0.0003250981100569817,0.00016741013750677718,-0.0012095082711605176,0.01567829039865383,-0.0003202533327957075,-0.007090275371691064,-0.001541924891061341,-0.0001814314910250591,0.00021921702202719464,-0.0012851011801976126,0.0018009703970389766,0.000770208350784524,0.002955262581604829,0.0006452850132408563,0.4214138140740761,5.970216317010207,0.30493626377379324,0.03445611730502204,0.0
0.16356293995603452,0.011625931641782637,0.0004191839931496944,0.0016961169758452751,0.006270894063604234,0.03638788148800576,0.16678552454161144,-0.10638517153788049,-0.021465787928260937,-0.0018479623055610431,0.00030952389716520196,0.000543109579106223,-9.318641727508731e-05,0.01591195225592086,0.025566473630087433,0.003726135857835633,0.002314783977390694,7.746053130001553e-05,0.0002080764522947068,-0.00097660560015389,0.0005141078096506313,-0.0007949618755075427,-0.0008800821745157765,-0.0008119795303547212,-0.12537110538536103,-0.011555731735886294,-0.00024177244722869485,0.0007938493754746219,0.006623005755946053,0.033095819839736446,0.214650443769616,0.078641821377795,0.01977676969969327,0.0023515856743970046,0.0003250981100569817,0.00016741013750677718,-0.0012095082711605176,0.01567829039865383,-0.0003202533327957075,-0.007090275371691064,-0.001541924891061341,-0.0001814314910250591,0.00021921702202719464,-0.0012851011801976126,0.0017999703970389767,0.000770208350784524,0.002955262581604829,0.0006462850132408564,0.42141485473824375,5.970215487935505,0.30492559782330225,0.03445748001804548,0.0
0.16356293995603452,0.011625931641782637,0.0004191839931496944,0.0016961169758452751,0.006270894063604234,0.03638788148800576,0.16678552454161144,-0.10638517153788049,-0.021465787928260937,-0.0018479623055610431,0.00030952389716520196,0.000543109579106223,-9.318641727508731e-05,0.01591195225592086,0.025566473630087433,0.003726135857835633,0.002314783977390694,7.746053130001553e-05,0.0002080764522947068,-0.00097660560015389,0.0005141078096506313,-0.0007949618755075427,-0.0008800821745157765,-0.0008119795303547212,-0.12537110538536103,-0.011555731735886294,-0.00024177244722869485,0.0007938493754746219,0.006623005755946053,0.033095819839736446,0.214650443769616,0.078641821377795,0.01977676969969327,0.0023515856743970046,0.0003250981100569817,0.00016741013750677718,-0.0012095082711605176,0.01567829039865383,-0.0003202533327957075,-0.007090275371691064,-0.001541924891061341,-0.0001814314910250591,0.00021921702202719464,-0.0012851011801976126,0.0017999703970389767,0.000770208350784524,0.0029562625816048293,0.0006452850132408563,0.4214178903538929,5.970214931469855,0.3049171087748926,0.03445615751729303,0.0
0.16356294350481068,0.011625929372790859,0.00041920527203317455,0.001696166293675952,0.006270952874285965,0.036387895908696295,0.16678541058145016,-0.10638535436559309,-0.02146663329713068,-0.0018479078234630133,0.0003095392224699001,0.00054310760587641,-9.318792045957268e-05,0.015911951005793516,0.025566477045717937,0.003726146080757951,0.0023148040936330355,7.747528515269926e-05,0.00020808865332918284,-0.0009766012437531447,0.0005141090018336087,-0.0007949695384203046,-0.0008800849727002808,-0.0008119646470093002,-0.12537110448312894,-0.011555735392395903,-0.00024176997499937304,0.0007938415872969915,0.006623015501986452,0.033095797994401724,0.21465044189565258,0.07864182924777582,0.019776809915659516,0.0023515891344795285,0.0003251305813677431,0.00016740346106174366,-0.001209492270442306,0.015678290547839056,-0.00032024802734052554,-0.007090271191462961,-0.0015419070961291417,-0.00018144606842678627,0.0002192223143892988,-0.0012851112525452952,0.0017999676387608465,0.0007702004912358894,0.0029552761459205267,0.0006452913249765762,0.42141530947984407,5.970218919068658,0.30495420545538243,0.034453768352171565,0.0
0.16356294084322937,0.011625931074550747,0.0004191893129114454,0.0016961293056044105,0.006270908766389239,0.036387885093225894,0.16678549605158977,-0.10638521724478049,-0.021465999270432728,-0.0018479486847385676,0.00030952772860915373,0.0005431090858359863,-9.318679307644559e-05,0.0159119519433871,0.025566474483996585,0.003726138413553012,0.002314789006470072,7.746421979492967e-05,0.0002080795025704163,-0.0009766045110415889,0.0005141081076962411,-0.0007949637912340471,-0.0008800828740655294,-0.000811975809501729,-0.1253711051598024,-0.011555732649992642,-0.00024177182917319275,0.0007938474285699982,0.006623008192310497,0.033095814378387475,0.21465044330112404,0.07864182334530721,0.01977677975372648,0.00235158653965542,0.00032510622798332626,0.00016740846843949937,-0.0012095042709855414,0.015678290435958454,-0.000320252006425624,-0.007090274326637192,-0.0015419204423057235,-0.0001814351353617982,0.00021921834513189125,-0.001285103698283602,0.0017999697074659825,0.000770206385897757,0.0029552659726813464,0.0006452865911833949,0.42141463817196195,5.9702163232307,0.30493860002086465,0.03445579945301783,0.0
0.1635629401778333,0.011625931499975664,0.00041918532309268003,0.0016961200583038478,0.006270897739307626,0.03638788238931375,0.1667855174191072,-0.10638518296460374,-0.02146584076380104,-0.0018479589003368535,0.00030952485503353035,0.0005431094557909834,-9.318651122575327e-05,0.015911952177787302,0.025566473843564818,0.003726136496764155,0.0023147852346617095,7.746145342572246e-05,0.00020807721486469934,-0.0009766053278750597,0.0005141078841620255,-0.0007949623544390638,-0.0008800823494034408,-0.0008119786001404362,-0.12537110532897133,-0.01155573196441157,-0.00024177229271493328,0.000793848888757178,0.006623006365028086,0.03309581847439825,0.21465044365249294,0.07864182186967411,0.019776772213204168,0.002351585890726428,0.0003251001395447165,0.00016740972024269882,-0.0012095072711170588,0.015678290407980505,-0.0003202530012027947,-0.007090275110427793,-0.0015419237788710301,-0.00018143240210839048,0.00021921735280425197,-0.0012851018097190519,0.0017999702246455124,0.0007702078595628566,0.0029552634293738083,0.0006452854077270275,0.4214144703425034,5.970215674272129,0.30493443580091406,0.03445630776418189,0.0
0.16356294001148422,0.011625931606330957,0.00041918432563559994,0.0016961177464610917,0.006270894982530527,0.03638788171333294,0.16678552276098546,-0.10638517439456119,-0.021465801137145784,-0.001847961454253836,0.00030952413663274254,0.000543109548277558,-9.318644076277419e-05,0.015911952236387465,0.025566473683456784,0.003726136017567712,0.002314784291708521,7.746076183156583e-05,0.00020807664293727147,-0.0009766055320841354,0.0005141078282784793,-0.0007949619952404164,-0.0008800822182377067,-0.0008119792978010852,-0.1253711053712636,-0.011555731793017531,-0.00024177240860026158,0.000793849253795805,0.006623005908215994,0.03309581949840184,0.21465044374033523,0.07864182150076485,0.01977677032807116,0.0023515857284802863,0.00032509861742929943,0.0001674100331909288,-0.0012095080211496708,0.01567829040098553,-0.00032025324989745483,-0.0070902753063752585,-0.0015419246130136755,-0.00018143171879583862,0.00021921710472151413,-0.0012851013375779687,0.0017999703539405972,0.0007702082279791087,0.0029552627935470646,0.0006452851118624326,0.421414428386344,5.970215512032557,0.3049333755622475,0.03445643487526685,0.0
0.16356293996989693,0.011625931632919721,0.0004191840762711807,0.0016961171684993026,0.006270894293335835,0.036387881544337565,0.16678552409645495,-0.10638517225205066,-0.02146579123048214,-0.0018479620927341687,0.00030952395703211574,0.0005431095713990658,-9.318642314701031e-05,0.01591195225103751,0.02556647364342977,0.0037261358977686496,0.0023147840559701554,7.746058893291083e-05,0.00020807649995535212,-0.0009766055831364484,0.0005141078143075933,-0.0007949619054407607,-0.0008800821854462599,-0.0008119794722163082,-0.12537110538183668,-0.011555731750169098,-0.00024177243757158697,0.0007938493450549516,0.006623005794013503,0.03309581975440279,0.2146504437622958,0.07864182140853747,0.019776769856787755,0.002351585687917883,0.0003250982369000851,0.00016741011142782579,-0.001209508208657807,0.015678290399236756,-0.0003202533120711428,-0.007090275355362114,-0.0015419248215494193,-0.00018143154796775065,0.00021921704270077796,-0.0012851012195427014,0.001799970386264381,0.0007702083200831702,0.0029552626345903873,0.0006452850378962525,0.4214144178944267,5.970215471472675,0.3049331093242915,0.034456466655304795,0.0
