EXTCUR(1)  =   3.29808322319139E+05
EXTCUR(2)  =   2.49183357990850E+05
EXTCUR(3)  =   2.95747784051395E+05
EXTCUR(4)  =  -3.29808322319139E+05
EXTCUR(5)  =  -2.49183357990850E+05
EXTCUR(6)  =  -2.95747784051395E+05
EXTCUR(7)  =   3.29808322319139E+05
EXTCUR(8)  =   2.49183357990850E+05
EXTCUR(9)  =   2.95747784051395E+05
EXTCUR(10) =  -3.29808322319139E+05
EXTCUR(11) =  -2.49183357990850E+05
EXTCUR(12) =  -2.95747784051395E+05
EXTCUR(13) =   3.29808322319139E+05
EXTCUR(14) =   2.49183357990850E+05
EXTCUR(15) =   2.95747784051395E+05
EXTCUR(16) =  -3.29808322319139E+05
EXTCUR(17) =  -2.49183357990850E+05
EXTCUR(18) =  -2.95747784051395E+05
EXTCUR(19) =   3.29808322319139E+05
EXTCUR(20) =   2.49183357990850E+05
EXTCUR(21) =   2.95747784051395E+05
EXTCUR(22) =  -3.29808322319139E+05
EXTCUR(23) =  -2.49183357990850E+05
EXTCUR(24) =  -2.95747784051395E+05
