EXTCUR(1)  =   2.20329321185482E+05
EXTCUR(2)  =   2.07009139045780E+05
EXTCUR(3)  =   2.18359792345340E+05
EXTCUR(4)  =   2.29041211784782E+05
EXTCUR(5)  =  -2.20329321185482E+05
EXTCUR(6)  =  -2.07009139045780E+05
EXTCUR(7)  =  -2.18359792345340E+05
EXTCUR(8)  =  -2.29041211784782E+05
EXTCUR(9)  =   2.20329321185482E+05
EXTCUR(10) =   2.07009139045780E+05
EXTCUR(11) =   2.18359792345340E+05
EXTCUR(12) =   2.29041211784782E+05
EXTCUR(13) =  -2.20329321185482E+05
EXTCUR(14) =  -2.07009139045780E+05
EXTCUR(15) =  -2.18359792345340E+05
EXTCUR(16) =  -2.29041211784782E+05
EXTCUR(17) =   2.20329321185482E+05
EXTCUR(18) =   2.07009139045780E+05
EXTCUR(19) =   2.18359792345340E+05
EXTCUR(20) =   2.29041211784782E+05
EXTCUR(21) =  -2.20329321185482E+05
EXTCUR(22) =  -2.07009139045780E+05
EXTCUR(23) =  -2.18359792345340E+05
EXTCUR(24) =  -2.29041211784782E+05
EXTCUR(25) =   2.20329321185482E+05
EXTCUR(26) =   2.07009139045780E+05
EXTCUR(27) =   2.18359792345340E+05
EXTCUR(28) =   2.29041211784782E+05
EXTCUR(29) =  -2.20329321185482E+05
EXTCUR(30) =  -2.07009139045780E+05
EXTCUR(31) =  -2.18359792345340E+05
EXTCUR(32) =  -2.29041211784782E+05
