EXTCUR(1)  =   2.20329321185482E+05
EXTCUR(2)  =   2.07009139045780E+05
EXTCUR(3)  =   2.18359792345340E+05
EXTCUR(4)  =  -2.20329321185482E+05
EXTCUR(5)  =  -2.07009139045780E+05
EXTCUR(6)  =  -2.18359792345340E+05
EXTCUR(7)  =   2.20329321185482E+05
EXTCUR(8)  =   2.07009139045780E+05
EXTCUR(9)  =   2.18359792345340E+05
EXTCUR(10) =  -2.20329321185482E+05
EXTCUR(11) =  -2.07009139045780E+05
EXTCUR(12) =  -2.18359792345340E+05
EXTCUR(13) =   2.20329321185482E+05
EXTCUR(14) =   2.07009139045780E+05
EXTCUR(15) =   2.18359792345340E+05
EXTCUR(16) =  -2.20329321185482E+05
EXTCUR(17) =  -2.07009139045780E+05
EXTCUR(18) =  -2.18359792345340E+05
EXTCUR(19) =   2.20329321185482E+05
EXTCUR(20) =   2.07009139045780E+05
EXTCUR(21) =   2.18359792345340E+05
EXTCUR(22) =  -2.20329321185482E+05
EXTCUR(23) =  -2.07009139045780E+05
EXTCUR(24) =  -2.18359792345340E+05
